elements	Na	Al	Si	O
number	16	16	48	128
file	P(GPa)	D_Na(m^2/s)	D_Al(m^2/s)	D_Si(m^2/s)	D_O(m^2/s)
NaAlSi3O8_T2_nvt_a15.0.outcar	-0.439	7.52413795067e-09	1.13665634129e-10	8.03937858225e-12	3.06900607081e-11
NaAlSi3O8_T2_nvt_a15.5.outcar	-1.56	1.16445095303e-08	-7.29726833208e-12	5.44945223731e-11	-8.76844928515e-11
NaAlSi3O8_T2_nvt_a16.0.outcar	-1.91	1.41556679291e-08	-7.20236059494e-11	2.06160104313e-10	3.92956718554e-11
NaAlSi3O8_T2_nvt_a16.5.outcar	-2.16	1.51094528565e-08	-2.78100824034e-11	-4.07151637483e-11	-1.13804798194e-11
NaAlSi3O8_T2_nvt_a17.0.outcar	-2.36	9.14621163997e-09	1.32540152477e-10	1.46084852809e-10	1.61340268664e-10
NaAlSi3O8_T2_nvt_a17.5.outcar	-1.49	6.2226013954e-09	-1.17316386282e-10	7.50689567193e-12	1.34418946597e-10
NaAlSi3O8_T2_nvt_a18.0.outcar	-1.69	1.24527041966e-08	1.95632406285e-10	-2.72050729713e-11	6.14175344293e-11
NaAlSi3O8_T2_nvt_a18.5.outcar	-1.44	5.80076290589e-09	-2.84035268424e-10	-9.8480153198e-12	-2.22802141845e-11
NaAlSi3O8_T2_nvt_a19.0.outcar	-0.753	6.19283854303e-09	1.71570093921e-10	1.35752923858e-10	2.01015843373e-10
NaAlSi3O8_T3_nvt_a12.0.outcar	43.6	1.3300134335e-09	8.98472729303e-10	6.91986935556e-10	1.02680083039e-09
NaAlSi3O8_T3_nvt_a12.5.outcar	25.5	2.95255079085e-09	1.49747105524e-09	1.16099268112e-09	1.61125268612e-09
NaAlSi3O8_T3_nvt_a13.0.outcar	15.8	2.61200300594e-09	2.25948823907e-09	7.81507597789e-10	1.48677929368e-09
NaAlSi3O8_T3_nvt_a13.5.outcar	9.12	3.33730208999e-09	1.79590500425e-09	6.03856678009e-10	8.06977575001e-10
NaAlSi3O8_T3_nvt_a14.0.outcar	4.77	9.71420248987e-09	1.63117178177e-09	1.25050470298e-09	1.56757083078e-09
NaAlSi3O8_T3_nvt_a14.5.outcar	1.36	1.58517616303e-08	9.43401927181e-10	7.37230419934e-10	8.4484251718e-10
NaAlSi3O8_T3_nvt_a15.0.outcar	0.556	2.03006400757e-08	8.42890031666e-10	6.80109532541e-10	1.05180020785e-09
NaAlSi3O8_T3_nvt_a15.5.outcar	-0.433	3.57870107788e-08	1.83646592663e-09	8.24287841342e-10	1.25112565089e-09
NaAlSi3O8_T3_nvt_a16.0.outcar	-0.725	2.60022721955e-08	4.77772901847e-10	7.65754412373e-10	7.47228798804e-10
NaAlSi3O8_T3_nvt_a16.5.outcar	-0.648	3.45416294626e-08	1.08303213687e-09	9.846859617e-10	1.54831010146e-09
NaAlSi3O8_T3_nvt_a17.0.outcar	-0.573	2.99306062578e-08	2.32519446892e-09	1.48858789902e-09	1.65941870776e-09
NaAlSi3O8_T3_nvt_a17.5.outcar	-0.486	1.5042380961e-08	1.91950068864e-09	1.27675812241e-09	1.70148758125e-09
NaAlSi3O8_T3_nvt_a18.0.outcar	-0.567	3.71719154125e-08	1.91113423287e-09	1.97682692604e-09	2.22057724878e-09
NaAlSi3O8_T3_nvt_a18.5.outcar	-0.471	3.87589697127e-08	1.25437489745e-09	1.20931572144e-09	1.64708098331e-09
NaAlSi3O8_T3_nvt_a19.0.outcar	-0.471	3.03555956605e-08	1.43040396921e-09	1.08704510436e-09	1.63720789845e-09
NaAlSi3O8_T4.5_nvt_a15.0.outcar	1.68	5.05091772899e-08	1.56710997729e-08	1.24019424812e-08	1.4878991398e-08
NaAlSi3O8_T4.5_nvt_a15.5.outcar	0.859	4.94028873867e-08	1.21250661282e-08	1.43625808269e-08	1.867158719e-08
NaAlSi3O8_T4.5_nvt_a16.0.outcar	0.29	5.28497093073e-08	1.30172759107e-08	1.49621906481e-08	2.122214834e-08
NaAlSi3O8_T4.5_nvt_a16.5.outcar	0.0953	7.18097731018e-08	2.44869620244e-08	2.27104626387e-08	2.63485166566e-08
NaAlSi3O8_T4.5_nvt_a17.0.outcar	0.00303	8.13579755676e-08	1.64052047723e-08	2.81234601185e-08	2.61200523624e-08
NaAlSi3O8_T4.5_nvt_a17.5.outcar	-0.147	1.26954055952e-07	2.18561275038e-08	2.52923390199e-08	2.83133373746e-08
NaAlSi3O8_T4.5_nvt_a18.0.outcar	-0.167	8.651093254e-08	1.80092467801e-08	3.137422278e-08	2.76388740923e-08
NaAlSi3O8_T4.5_nvt_a18.5.outcar	-0.16	1.63545152069e-07	2.03793937113e-08	2.8358783158e-08	3.90966379859e-08
NaAlSi3O8_T4.5_nvt_a19.0.outcar	-0.106	8.91892921654e-08	1.89333460032e-08	3.18397718914e-08	3.54302268398e-08
NaAlSi3O8_T4_nvt_a12.0.outcar	49.6	4.90630527774e-09	2.41446833256e-09	2.19368697305e-09	3.12107570582e-09
NaAlSi3O8_T4_nvt_a12.25.outcar	38.4	5.88255351481e-09	5.01181922571e-09	3.41333190363e-09	4.73778773809e-09
NaAlSi3O8_T4_nvt_a12.5.outcar	29.9	7.66836809039e-09	3.35273789574e-09	3.78865138532e-09	5.77409545888e-09
NaAlSi3O8_T4_nvt_a13.0.outcar	17.9	1.92987774698e-08	7.22575922365e-09	4.97805983016e-09	7.43872488208e-09
NaAlSi3O8_T4_nvt_a13.5.outcar	10.2	1.75767448156e-08	7.25820035509e-09	5.111886124e-09	7.53886257697e-09
NaAlSi3O8_T4_nvt_a14.0.outcar	5.52	3.09428087998e-08	6.44083854245e-09	6.20781688553e-09	8.18259903385e-09
NaAlSi3O8_T4_nvt_a14.5.outcar	2.6	2.71089323314e-08	6.48039483412e-09	5.07246597413e-09	6.24523082279e-09
NaAlSi3O8_T4_nvt_a15.0.outcar	1.23	4.22700691757e-08	9.19579842433e-09	6.70736385922e-09	7.47634052273e-09
NaAlSi3O8_T4_nvt_a15.5.outcar	0.286	6.3774018328e-08	1.36781488274e-08	7.99761323486e-09	8.81413769999e-09
NaAlSi3O8_T4_nvt_a16.0.outcar	-0.00409	8.4730640039e-08	1.17017235111e-08	9.76107305492e-09	1.08335081656e-08
NaAlSi3O8_T4_nvt_a16.5.outcar	-0.253	6.05854315418e-08	1.00360980854e-08	8.59417005676e-09	1.14231357145e-08
NaAlSi3O8_T4_nvt_a17.0.outcar	-0.255	5.80091560906e-08	1.02486191037e-08	1.01462431212e-08	1.1788386753e-08
NaAlSi3O8_T4_nvt_a17.5.outcar	-0.241	7.28195015096e-08	1.23539270902e-08	1.83517362226e-08	2.02002773141e-08
NaAlSi3O8_T4_nvt_a18.0.outcar	-0.274	9.13541813854e-08	1.1318806208e-08	9.01085039041e-09	1.44390522477e-08
NaAlSi3O8_T4_nvt_a18.5.outcar	-0.259	6.68414803354e-08	1.08629843788e-08	1.65389014063e-08	1.86849107298e-08
NaAlSi3O8_T4_nvt_a19.0.outcar	-0.269	8.90232220744e-08	9.55537091652e-09	1.48460768231e-08	1.49301710027e-08
NaAlSi3O8_T5_nvt_a12.0.outcar	55.6	8.624059847e-09	3.89836220007e-09	5.21821861603e-09	7.97188299969e-09
NaAlSi3O8_T5_nvt_a12.5.outcar	34.0	1.38694352309e-08	9.68340767728e-09	1.05317899811e-08	1.26754347712e-08
NaAlSi3O8_T5_nvt_a13.0.outcar	20.5	2.40755770788e-08	1.37120460611e-08	9.5207370886e-09	1.48235544555e-08
NaAlSi3O8_T5_nvt_a13.5.outcar	12.4	3.60283645328e-08	1.15231037025e-08	1.60882300736e-08	1.83072855026e-08
NaAlSi3O8_T5_nvt_a14.0.outcar	7.12	4.65219290884e-08	1.43170566328e-08	1.29224239553e-08	1.90790308781e-08
NaAlSi3O8_T5_nvt_a14.5.outcar	4.11	5.19305275419e-08	2.70193186837e-08	1.77808848571e-08	1.95683589619e-08
NaAlSi3O8_T5_nvt_a15.0.outcar	2.4	5.6367454795e-08	1.97971045873e-08	2.22430452562e-08	2.66688292425e-08
NaAlSi3O8_T5_nvt_a15.5.outcar	1.4	5.37290838275e-08	1.99425168702e-08	2.21829889714e-08	2.88127359608e-08
NaAlSi3O8_T5_nvt_a16.0.outcar	0.638	8.7862196272e-08	2.04735098706e-08	2.88369959519e-08	3.26460038371e-08
NaAlSi3O8_T5_nvt_a16.5.outcar	0.361	1.34083601815e-07	3.21114421463e-08	2.93774571119e-08	3.74604779232e-08
NaAlSi3O8_T5_nvt_a17.0.outcar	0.207	1.02291464612e-07	2.39755372658e-08	3.79140597779e-08	4.37240588872e-08
NaAlSi3O8_T5_nvt_a17.5.outcar	0.174	1.33623091245e-07	2.85024355135e-08	4.93548444424e-08	5.02790906466e-08
NaAlSi3O8_T5_nvt_a18.0.outcar	0.0474	1.43605454353e-07	4.06873795053e-08	5.90217422839e-08	5.21942307047e-08
NaAlSi3O8_T5_nvt_a18.5.outcar	0.0109	1.20513969359e-07	3.4847052606e-08	6.25199724688e-08	5.41793431745e-08
NaAlSi3O8_T5_nvt_a19.0.outcar	-0.0458	1.25609209041e-07	2.02195726552e-08	5.81032604129e-08	5.95115700135e-08
NaAlSi3O8_T6_nvt_a12.0.outcar	61.4	2.22398957788e-08	1.03619647173e-08	1.32510585225e-08	1.46082584511e-08
NaAlSi3O8_T6_nvt_a12.5.outcar	38.6	2.31621925349e-08	1.83643310192e-08	1.82680776333e-08	2.1796001755e-08
NaAlSi3O8_T6_nvt_a13.0.outcar	24.0	4.41326741692e-08	2.72767869399e-08	2.56288435922e-08	2.40467578637e-08
NaAlSi3O8_T6_nvt_a13.5.outcar	15.1	4.03339543763e-08	3.03907174638e-08	2.86510084225e-08	2.56244267335e-08
NaAlSi3O8_T6_nvt_a14.0.outcar	9.4	4.87854301128e-08	3.80297422474e-08	3.37516421294e-08	3.96536421229e-08
NaAlSi3O8_T6_nvt_a14.5.outcar	5.9	6.20167806597e-08	5.29342822353e-08	3.4276452222e-08	4.30178270417e-08
NaAlSi3O8_T6_nvt_a15.0.outcar	3.74	9.79521418327e-08	3.09220990751e-08	3.2997146194e-08	4.06961432702e-08
NaAlSi3O8_T6_nvt_a15.5.outcar	2.44	7.97428755664e-08	6.51540526598e-08	4.82559031045e-08	5.18010990512e-08
NaAlSi3O8_T6_nvt_a16.0.outcar	1.63	9.01558058703e-08	4.76614841847e-08	4.86769727865e-08	5.6606415683e-08
NaAlSi3O8_T6_nvt_a16.5.outcar	1.15	1.59554883527e-07	3.71702335135e-08	7.9821531709e-08	6.3718081239e-08
NaAlSi3O8_T6_nvt_a17.0.outcar	0.862	1.0484296677e-07	5.48108609177e-08	8.63006989248e-08	7.42997523698e-08
NaAlSi3O8_T6_nvt_a17.5.outcar	0.653	1.39887512874e-07	7.11900883227e-08	8.6228816221e-08	9.41274666181e-08
NaAlSi3O8_T6_nvt_a18.0.outcar	0.476	1.81408501091e-07	3.16270706309e-08	8.64834649367e-08	9.03778995468e-08
NaAlSi3O8_T6_nvt_a18.5.outcar	0.392	1.76794594778e-07	9.64919133141e-08	6.44809442466e-08	1.13293713846e-07
NaAlSi3O8_T6_nvt_a19.0.outcar	0.354	2.33689824023e-07	8.4351529399e-08	8.99192708122e-08	1.19948465664e-07
NaAlSi3O8_T7_nvt_a15.0.outcar	5.22	1.07504120366e-07	3.21977178623e-08	4.04904953363e-08	7.6429990288e-08
NaAlSi3O8_T7_nvt_a16.0.outcar	2.62	1.28946002086e-07	3.55020120414e-08	9.49992842963e-08	7.74407080356e-08
NaAlSi3O8_T7_nvt_a17.0.outcar	1.52	2.70255125818e-07	8.20331731327e-08	1.06271366224e-07	9.48875913743e-08
NaAlSi3O8_T7_nvt_a17.5.outcar	1.2	1.22799668376e-07	1.0564296253e-07	1.25985424019e-07	1.34206810006e-07
NaAlSi3O8_T7_nvt_a18.0.outcar	0.965	2.47945104775e-07	9.89927147107e-08	1.2530256363e-07	1.34958160684e-07
NaAlSi3O8_T7_nvt_a18.5.outcar	0.831	2.08405133542e-07	1.12138881391e-07	1.62929519894e-07	1.23048955971e-07
NaAlSi3O8_T7_nvt_a19.0.outcar	0.72	1.81846514755e-07	1.20325372335e-07	1.79613746166e-07	1.61790583198e-07
