elements	Na	Al	Si	O
number	16	16	48	128
Location of ballistic to diffusif regime using linear regression curves (before 60 fs and after 500 fs).
Calculation of atomic self diffusivities using linear regression after 500 fs.
atom	Na	Na	Na	Na	Na	Na	Al	Al	Al	Al	Al	Al	Si	Si	Si	Si	Si	Si	O	O	O	O	O	O
file	D(m2/s)	D_stdev	R_squared	slope	intercept	regime_change	D(m2/s)	D_stdev	R_squared	slope	intercept	regime_change	D(m2/s)	D_stdev	R_squared	slope	intercept	regime_change	D(m2/s)	D_stdev	R_squared	slope	intercept	regime_change
NaAlSi3O8_T2_nvt_a15.0.outcar.msd.dat	6.658030252068394e-09	1.461660750938104e-11	0.9944499978310284	0.003994818151241036	11.332609662550958	277.70079424694495	1.4497601761505787e-11	1.8179370298446996e-13	0.8459629350395216	8.698561056903472e-06	0.5309708801292232	110.66155552778491	8.387595120084143e-12	3.703922117820073e-14	0.9779169374160857	5.032557072050486e-06	0.31465348866967807	97.02830055709362	1.723705967393745e-11	7.198064686767538e-14	0.9802061130205331	1.034223580436247e-05	0.6179044720325397	91.70929917086478
NaAlSi3O8_T2_nvt_a15.5.outcar.msd.dat	1.3953771817300334e-08	2.7964621341661005e-11	0.9977278875423629	0.0083722630903802	4.514033619567307	184.08707039449683	1.0312352293972755e-11	4.3468443870366806e-13	0.49814886650623064	6.1874113763836534e-06	0.45661154241327967	88.25603074160905	8.223387189268059e-12	3.837729694195764e-13	0.44744813560432856	4.934032313560835e-06	0.3762651747528226	93.85791869090156	8.609126252527094e-12	5.06860968499152e-13	0.3372269306804574	5.165475751516256e-06	0.6853869714714045	83.32200592333034
NaAlSi3O8_T2_nvt_a16.0.outcar.msd.dat	1.7207860524806115e-08	4.28409957853376e-11	0.9974651809611609	0.010324716314883669	6.253677853958152	212.05631932500634	2.0940152251785392e-11	1.3280965093624399e-12	0.37746696285608117	1.2564091351071232e-05	0.5050865572757135	92.3624189503942	6.808603082185087e-11	1.3528054992914732e-12	0.8606891696501329	4.085161849311052e-05	0.41449039413478633	97.86433702383478	8.879109210701137e-11	1.9993599847589566e-12	0.8278921046145963	5.327465526420682e-05	0.7758704368577017	88.12382616464119
NaAlSi3O8_T2_nvt_a16.5.outcar.msd.dat	1.754032617443128e-08	5.4250265589027415e-11	0.9934899778089024	0.010524195704658767	-6.9209821474075	nan	3.147732774649335e-11	2.607069194710166e-13	0.9551194999307496	1.8886396647896008e-05	0.5067256883115934	104.28091960318991	4.6378965356454857e-11	3.350475849599108e-13	0.9654850693310757	2.7827379213872912e-05	0.3551994100726878	101.8004092360587	7.058086089589595e-11	3.9102501736989313e-13	0.9794084237718254	4.234851653753757e-05	0.6904655775776485	95.3155877729194
NaAlSi3O8_T2_nvt_a17.0.outcar.msd.dat	1.3861153213866952e-08	5.083919975837724e-11	0.9912127901983252	0.00831669192832017	7.597052489836273	236.1030052405781	1.3646122692756008e-10	3.162825639161671e-13	0.9964723731855716	8.187673615653604e-05	0.49052114400010294	104.67099318280894	9.258743113502583e-11	2.265303829692455e-13	0.9960706167215555	5.55524586810155e-05	0.42907897115523164	111.18492835808236	1.1862004332076847e-10	3.7505532160578976e-13	0.9934550228925226	7.117202599246107e-05	0.8196508803151871	104.60826495708291
NaAlSi3O8_T2_nvt_a17.5.outcar.msd.dat	6.082945924420935e-09	3.3871130113368736e-11	0.9807516189933932	0.0036497675546525604	11.066288035295113	273.6835152449788	3.8073169778952944e-11	2.406781900421571e-13	0.9753288062473486	2.2843901867371766e-05	0.45415545056565243	99.13628673564355	4.7094920659848526e-11	1.851609732118555e-13	0.9903099587276523	2.825695239590911e-05	0.3873436782578289	104.8804813141182	6.834177249037409e-11	2.2852454545294897e-13	0.992971964801952	4.100506349422445e-05	0.6913668205881955	95.63106819156428
NaAlSi3O8_T2_nvt_a18.0.outcar.msd.dat	1.4715340632281528e-08	2.525290001450485e-11	0.9981803764212249	0.008829204379368917	3.27444821128465	166.15422640212148	5.640155108282418e-11	9.383961170533606e-13	0.8537167040277287	3.38409306496945e-05	0.749085696263103	122.61211156338733	2.2995661807820293e-11	3.471390657422995e-13	0.8763776245458041	1.3797397084692174e-05	0.5004012777333359	118.7861232322758	3.9134241762144846e-11	5.546046725891619e-13	0.8894258526953194	2.3480545057286905e-05	0.878092717848293	106.83071354571028
NaAlSi3O8_T2_nvt_a18.5.outcar.msd.dat	6.071782553036745e-09	7.690184143537674e-12	0.9985855518227933	0.003643069531822047	7.61437434680095	227.3042526919601	3.534738526754596e-11	3.595929971268701e-13	0.9162680667374022	2.1208431160527573e-05	0.6278333426041559	115.16487993289964	5.5910380204995166e-11	4.42544724873111e-13	0.9475789685376398	3.3546228122997096e-05	0.6125649042040561	130.79133311632552	9.02000448528015e-11	4.644489332524729e-13	0.9771243742452288	5.412002691168089e-05	0.9547155956031457	112.77130575037755
NaAlSi3O8_T2_nvt_a19.0.outcar.msd.dat	5.37078930846046e-09	2.306251074064701e-11	0.9874908796635509	0.0032224735850762756	10.455225768716105	268.1729612952715	3.347856849766739e-11	6.23012512880462e-13	0.8078118037286887	2.0087141098600434e-05	0.5522718348884608	108.5403114714212	1.1442102893596215e-11	3.2371448306697194e-13	0.6452105169285486	6.865261736157729e-06	0.4666701324331677	114.9882597023003	1.4627073952313244e-11	4.35518155225815e-13	0.6214839669777946	8.776244371387946e-06	0.774570640491787	102.82510412497041
NaAlSi3O8_T3_nvt_a12.0.outcar.msd.dat	1.6536292999192072e-09	4.8766115106693195e-12	0.9965160624810611	0.0009921775799515242	0.7073995289554964	76.34927466808603	9.573154128306422e-10	5.118179884420512e-12	0.9886398218598459	0.0005743892476983854	0.460995599145801	77.1791007541415	7.717446105620868e-10	6.110140324681386e-12	0.9754204974773919	0.0004630467663372521	0.48242407057584247	92.06274537441217	1.0719613995619093e-09	2.0195218162196423e-12	0.9985752271036746	0.0006431768397371456	0.369404007091819	70.42462195482543
NaAlSi3O8_T3_nvt_a12.5.outcar.msd.dat	2.9613033250680967e-09	6.5657365931184824e-12	0.9968979019939262	0.0017767819950408577	-0.06737431979670028	nan	1.7106703281585806e-09	2.9130843775673166e-12	0.9981677668575256	0.0010264021968951482	0.1294474736406075	44.32619950996856	1.4531058596527648e-09	1.3987946543568976e-12	0.9994137775287613	0.0008718635157916588	0.28011578042777785	70.5689725979794	1.7203450447183033e-09	2.055707975160612e-12	0.9990969681444465	0.001032207026830982	0.4836588289296051	73.07501757073962
NaAlSi3O8_T3_nvt_a13.0.outcar.msd.dat	2.938057626454248e-09	7.028021149985489e-12	0.9963910652113653	0.0017628345758725487	2.3931929666369456	116.26907987739239	1.8434800076744144e-09	6.8118933605795555e-12	0.9914311001890608	0.0011060880046046486	0.23626896161347055	55.726380908742335	1.1220691369381464e-09	1.1140353913479119e-12	0.9993764209005848	0.0006732414821628878	0.3405508682297418	75.14202823214688	1.6225278858315382e-09	2.0908494159975084e-12	0.9989499533024131	0.0009735167314989229	0.44726156415894547	65.15242203110388
NaAlSi3O8_T3_nvt_a13.5.outcar.msd.dat	3.1675645363522656e-09	7.639771535447734e-12	0.9963312572188332	0.0019005387218113592	3.068560964039788	120.49648984049554	1.1409928195306513e-09	2.50369027363488e-12	0.9969613727820196	0.0006845956917183908	0.8318030603634128	99.11608665251393	6.40754692529979e-10	2.6016410166264882e-12	0.9896722373507918	0.0003844528155179874	0.8239133382214647	112.8212119257767	1.0399156585975057e-09	3.422777030135152e-12	0.9931892225327603	0.0006239493951585034	1.2910183046028187	100.90750996176092
NaAlSi3O8_T3_nvt_a14.0.outcar.msd.dat	9.025830713499326e-09	5.063709929576595e-11	0.980889415560384	0.005415498428099595	5.3916994273247205	161.32242845119683	1.228596981980632e-09	4.301781655190131e-12	0.9924684356595724	0.0007371581891883792	1.2793391304642125	119.8026570903232	6.941540145544668e-10	2.5606240223369966e-12	0.9916472818621752	0.00041649240873268005	0.9601763257311444	120.51182147792356	1.073893925429754e-09	5.1194885541293555e-12	0.9861275199449467	0.0006443363552578523	1.7520266393740673	112.2112312210371
NaAlSi3O8_T3_nvt_a14.5.outcar.msd.dat	1.2123038031950714e-08	7.920105805600664e-12	0.99967999166153	0.007273822819170428	3.192707756700152	129.60644342431178	8.384327694164482e-10	2.199566027070397e-12	0.9948647354848508	0.0005030596616498688	1.0763709973303262	109.50030777842778	4.536529024537919e-10	1.0961906820550434e-12	0.9956399806600679	0.00027219174147227515	0.7759392446541591	107.71505154053962	7.631491804973708e-10	1.7985135525481099e-12	0.9958517540184548	0.0004578895082984225	1.2865211045235254	94.77807648797666
NaAlSi3O8_T3_nvt_a15.0.outcar.msd.dat	2.4690710292195555e-08	4.8736302844088594e-11	0.9961653443836498	0.014814426175317332	-0.49287711430058323	nan	6.469638658514821e-10	3.6023557290843198e-12	0.970278780745696	0.00038817831951088925	1.8288571755462915	136.11006087613185	6.845723060826864e-10	7.074105698161871e-13	0.9989460902239762	0.00041074338364961184	0.6228937776087391	96.86741057444243	8.018379186594339e-10	1.063924862315155e-12	0.9982635954557807	0.0004811027511956603	1.5104865400733525	102.38370312866277
NaAlSi3O8_T3_nvt_a15.5.outcar.msd.dat	3.552433948207557e-08	4.281425004052245e-11	0.9991495422002032	0.02131460368924534	1.2817044827152841	119.62412097072226	1.7565930866127394e-09	3.868989140209103e-12	0.997165232617812	0.0010539558519676437	0.19348568644843844	50.16241442574045	8.328518669439596e-10	1.5992338202208802e-12	0.997844000427524	0.0004997111201663758	0.5262866082426836	90.60131297699691	1.2963424355324918e-09	1.285551102742739e-12	0.9994240475555731	0.0007778054613194951	0.9953495905384879	83.54453227060357
NaAlSi3O8_T3_nvt_a16.0.outcar.msd.dat	2.4084218428961816e-08	3.367176465934887e-11	0.9977416393567304	0.014450531057377088	16.569736124408323	273.59817079939006	8.339067145825101e-10	1.6134802878717234e-12	0.9956835939067781	0.000500344028749506	1.0017255806670207	103.3977751077695	6.521265536030626e-10	1.2119469729113976e-12	0.9960163744839012	0.0003912759321618375	0.7428829682169882	103.77030650645727	9.267170614583762e-10	1.0543060407772023e-12	0.99850342945789	0.0005560302368750257	1.5733586214823498	102.51725535551766
NaAlSi3O8_T3_nvt_a16.5.outcar.msd.dat	3.6943345246836455e-08	4.280715569817699e-11	0.9984623573320753	0.02216600714810187	-7.7885977541968145	nan	1.325255854535083e-09	1.7031063277342537e-12	0.9981092871465926	0.0007951535127210497	1.3488818384504633	135.4353427010051	1.1197658515810708e-09	1.3005285511797737e-12	0.998455181944105	0.0006718595109486424	1.5624912238458766	164.9879258407995	1.507868456028745e-09	1.857967147427338e-12	0.9982615711535217	0.000904721073617247	2.7735996177121596	151.46123836786907
NaAlSi3O8_T3_nvt_a17.0.outcar.msd.dat	3.7413301458108656e-08	1.5718352250056738e-11	0.9998683431034641	0.02244798087486519	-0.35656922421517834	66.35759109524508	1.778836925090651e-09	5.0135246385391554e-12	0.9941090290508076	0.0010673021550543906	0.21499475228906562	59.565946239474336	1.0148305081162795e-09	2.253550934930074e-12	0.9963348489631942	0.0006088983048697676	0.9514244763994135	132.9449583030268	1.3623894920203947e-09	1.8509039995067758e-12	0.9986249880467778	0.0008174336952122369	1.9095883309066295	128.53714125945288
NaAlSi3O8_T3_nvt_a17.5.outcar.msd.dat	2.3993287863254042e-08	6.738160900759045e-11	0.9948372492660931	0.014395972717952423	17.177681670896078	293.4026406479984	1.0999765754550322e-09	4.1417766123327906e-12	0.9907572834058709	0.0006599859452730192	0.5634066145193648	86.6735991404693	9.821418241305234e-10	4.84476106120786e-12	0.9842411783996162	0.000589285094478314	0.22413930006724936	67.74161273583049	1.3508275148188726e-09	4.444040871527036e-12	0.9929286840337364	0.0008104965088913236	0.9445222724989337	92.03364243436116
NaAlSi3O8_T3_nvt_a18.0.outcar.msd.dat	4.228445276154232e-08	7.214798847062824e-11	0.9981228303106581	0.025370671656925387	-3.323583040924092	nan	1.8190431996681888e-09	3.9245090870902945e-12	0.9970021268346575	0.0010914259198009132	0.07497249022938135	38.16363155192521	1.7211380294696796e-09	3.6043945828456772e-12	0.9971748786821623	0.0010326828176818077	0.8424217926864301	124.4580576809865	2.1799485022632026e-09	1.8851910383875064e-12	0.9995171179975212	0.0013079691013579216	1.9995542570423481	131.4507268706632
NaAlSi3O8_T3_nvt_a18.5.outcar.msd.dat	3.810524375963857e-08	1.2360813242144496e-10	0.9933832436729707	0.02286314625578314	17.499540195342945	311.34658325532166	1.3232301122401003e-09	2.669094364043004e-12	0.9974311205173162	0.0007939380673440601	1.861547810093417	153.85456224278556	1.4112675892349595e-09	2.0462979605106023e-12	0.9986709383420641	0.0008467605535409758	2.0913130345915354	189.43474028838415	1.777601579325451e-09	3.914809339271943e-12	0.9969392716183911	0.0010665609475952705	3.617220744062079	172.95081445980645
NaAlSi3O8_T3_nvt_a19.0.outcar.msd.dat	2.9841717632696596e-08	6.867942858061143e-11	0.9970162913352723	0.017905030579617957	13.68240939031142	269.19886961556915	1.4822409246305089e-09	8.698208188745983e-12	0.9809145837767392	0.0008893445547783052	0.4013530312068827	74.05995229301946	1.3642059536030128e-09	5.455948675053132e-12	0.991043837097173	0.0008185235721618076	0.7783011901460242	118.96874147831903	1.8327861903846855e-09	7.368364494441846e-12	0.9909506152363236	0.0010996717142308112	1.4719497518201479	113.08444254496395
NaAlSi3O8_T4.5_nvt_a15.0.outcar.msd.dat	5.0445422065885473e-08	8.54860361820895e-11	0.9982226786324001	0.03026725323953128	8.365576604566684	187.40379871261723	1.2007387121171794e-08	3.018166462026048e-11	0.9960980371845987	0.0072044322727030765	-0.025049729063212567	35.00808058861556	1.2142894505662645e-08	7.503130567779098e-12	0.999763337493329	0.007285736703397586	1.4854625075654937	129.98721547652957	1.5078137162309673e-08	2.0455303695819506e-11	0.9988602413405397	0.009046882297385803	2.769838055969281	121.39620841344197
NaAlSi3O8_T4.5_nvt_a15.5.outcar.msd.dat	5.200363706738918e-08	8.45661514438116e-11	0.9985318770722427	0.031202182240433505	6.709261022233761	183.1869584492348	1.037583481123617e-08	6.620484978830986e-11	0.977864617304288	0.006225500886741702	7.446481368275897	214.88802613261765	1.4624873400202277e-08	2.572250611459327e-11	0.9982829980284719	0.008774924040121364	1.8710924709274792	145.58187488552616	1.6561530897198975e-08	1.751436189168573e-11	0.9993785695872324	0.009936918538319385	3.527339628683606	133.92756121519537
NaAlSi3O8_T4.5_nvt_a16.0.outcar.msd.dat	6.210986468265787e-08	1.3063952056906266e-10	0.9968994789531408	0.03726591880959472	16.325851686937227	254.5302281263028	1.5302741371801203e-08	3.174377678339748e-11	0.9969840630539741	0.00918164482308072	3.8496969182737786	167.61084393446967	1.9762726349600112e-08	1.2471590596118174e-11	0.9997201123524707	0.011857635809760066	-1.4162974350904918	nan	1.9357364820924516e-08	1.4946961337114713e-11	0.9995810263782288	0.011614418892554709	3.594674240628926	137.22023973695596
NaAlSi3O8_T4.5_nvt_a16.5.outcar.msd.dat	8.645198967075709e-08	7.825485724012514e-11	0.9994857090835411	0.05187119380245425	2.8434759672690006	171.6996304060596	2.1399892960840428e-08	1.841503645629231e-11	0.9995351854714384	0.012839935776504255	1.2344344116362933	121.4715320599467	2.4434351441806388e-08	8.29829697757303e-12	0.9999275723320461	0.014660610865083834	-0.26601859757424506	69.57014929742037	2.8183423104014846e-08	1.4376334553338834e-11	0.9998366205071919	0.016910053862408906	0.09962285342527366	64.89318378145497
NaAlSi3O8_T4.5_nvt_a17.0.outcar.msd.dat	1.0281805908066789e-07	1.3860830787192562e-10	0.9989361630456037	0.061690835448400726	-5.690035706864762	nan	1.7582416285264783e-08	3.2007642371055274e-11	0.9980617700866437	0.010549449771158868	3.2454200964903706	164.10456113668658	2.9565592668790948e-08	4.0941463691691667e-11	0.9988775592535387	0.017739355601274567	-5.765157941477412	nan	2.7173805955182584e-08	3.390121068330772e-11	0.9990887633747362	0.01630428357310955	3.2596614286587737	137.9467832093176
NaAlSi3O8_T4.5_nvt_a17.5.outcar.msd.dat	1.3360347670866462e-07	3.6038844838056896e-10	0.9959635012447495	0.08016208602519877	-8.938709330788527	nan	2.4661348184646128e-08	2.1537072256771225e-11	0.9995753702264601	0.014796808910787676	-1.2230294089304365	nan	2.54997607179749e-08	2.8112095018358613e-11	0.9993234880006641	0.01529985643078494	-0.9266602765310736	nan	2.8887429630596144e-08	2.6126679217904997e-11	0.9995445843081734	0.017332457778357686	0.8306340789376208	89.74447579010716
NaAlSi3O8_T4.5_nvt_a18.0.outcar.msd.dat	9.139353136270154e-08	1.620900812288948e-10	0.9981726967191448	0.054836118817620925	13.967859926925001	259.3355861617551	1.9860153199563156e-08	1.2869302491660335e-10	0.9761448537641668	0.011916091919737894	6.760737635753031	214.77816356028524	2.6978687545708304e-08	4.50325460534914e-11	0.9983810602546667	0.01618721252742498	4.104134544070263	214.01020246041398	2.7325313074588132e-08	8.703166503215853e-11	0.9941306401680973	0.016395187844752877	9.670394457479844	208.34435367184875
NaAlSi3O8_T4.5_nvt_a18.5.outcar.msd.dat	1.3017420046058425e-07	3.854519931487193e-10	0.9949664428899239	0.07810452027635054	-27.232057168937843	nan	2.421665070515772e-08	4.922096686878164e-11	0.9976219884940214	0.01452999042309463	3.4893361879791556	177.56517359814916	3.19485997581972e-08	2.075683888171578e-11	0.9997565056865259	0.01916915985491832	-0.2036107869973165	106.43912508015298	3.7704851135951e-08	2.4269115029655718e-11	0.9997610068647265	0.022622910681570598	-0.16407176676153767	67.98421500991954
NaAlSi3O8_T4.5_nvt_a19.0.outcar.msd.dat	1.2555484661383844e-07	3.4699873904006467e-10	0.9957408476032209	0.07533290796830305	2.7424944714554726	205.23133587807874	2.34251205625094e-08	4.4030652437708505e-11	0.9980254133374329	0.014055072337505638	2.409973161308102	152.8787559402018	3.722460864240905e-08	7.977580390095678e-11	0.9974346031611854	0.02233476518544543	-0.3119702110268321	120.4393974892208	4.091506533708117e-08	3.4817174516236835e-11	0.9995946478324095	0.024549039202248702	-2.329139622592521	nan
NaAlSi3O8_T4_nvt_a12.0.outcar.msd.dat	4.37065983758823e-09	1.4963285150976513e-11	0.9926353293764407	0.002622395902552938	0.3621181724466016	52.338037988077296	2.822027327727548e-09	7.503501303393256e-12	0.9955447713226654	0.0016932163966365285	0.8326005107496464	90.99523623432239	2.4245511757636062e-09	3.727767463798615e-12	0.9985058670362525	0.0014547307054581637	0.21064390206229788	57.362665754329136	2.842102901922175e-09	1.7201782295634749e-12	0.9997681696379123	0.0017052617411533048	0.6096772003850672	79.21124173444535
NaAlSi3O8_T4_nvt_a12.25.outcar.msd.dat	5.7784653379729295e-09	2.322271011981067e-11	0.994618515129167	0.0034670792027837573	0.002988512072324312	22.939144712960342	4.108516271341934e-09	1.1857696071955952e-11	0.9972173074768053	0.0024651097628051602	0.8963448570597219	110.6530207562041	3.1970391177862196e-09	6.127544451005373e-12	0.998770898560581	0.0019182234706717316	0.3053344472900186	80.63013571543631	4.306175478274578e-09	2.4846626104825605e-12	0.9998884812803116	0.0025837052869647466	0.6196830531225412	93.52398004520461
NaAlSi3O8_T4_nvt_a12.5.outcar.msd.dat	9.720198570038017e-09	1.3034514350866382e-11	0.9988630297940867	0.0058321191420228095	-0.34567420117298653	nan	5.917202200326721e-09	1.7407458746443986e-11	0.994551600308608	0.003550321320196032	1.332465637513586	113.55005535086859	4.124743178762117e-09	1.215364394735558e-11	0.994534339081416	0.00247484590725727	0.9091049941668512	108.5967168584391	5.653611687426261e-09	1.218477343612767e-11	0.9970683534662225	0.0033921670124557562	1.15993990648556	101.49448233719185
NaAlSi3O8_T4_nvt_a13.0.outcar.msd.dat	1.6497812569381555e-08	5.0567817475744405e-11	0.9940881379639167	0.009898687541628932	-3.396813104886512	nan	8.374372907161292e-09	6.3732881240860554e-12	0.9996335058661285	0.005024623744296775	-0.7022033918702135	nan	5.4025681363178025e-09	1.680638097885317e-12	0.9999387473319847	0.003241540881790681	0.32156399148212955	72.60274746547528	7.820930366062868e-09	6.7606528682918786e-12	0.9995272203529181	0.004692558219637721	-0.20272093680618397	nan
NaAlSi3O8_T4_nvt_a13.5.outcar.msd.dat	1.601810699754798e-08	6.37904031477857e-11	0.9894703576199371	0.009610864198528787	-2.584036386914555	nan	5.1823208750316e-09	3.7588804067781936e-11	0.9659023718888471	0.0031093925250189596	4.5010161250090714	185.07526392453772	5.021718220873007e-09	2.4411739342343265e-12	0.9998414572346925	0.0030130309325238037	0.477474381649051	83.29066507324656	7.492539324200678e-09	5.337400779974162e-12	0.9996596104386399	0.004495523594520406	0.18709167717324604	45.65658954783948
NaAlSi3O8_T4_nvt_a14.0.outcar.msd.dat	2.7097558785547934e-08	9.060101562594172e-11	0.9922904432220073	0.01625853527132876	-7.0629996937165345	nan	8.478100460832932e-09	1.1327074367354495e-11	0.9987609616451475	0.005086860276499758	0.7716578241245529	90.3262166384079	4.946397971552576e-09	6.595310358738543e-12	0.9987659268992787	0.002967838782931545	0.8814162739235041	104.7077563195379	6.993911921674914e-09	8.373551922822006e-12	0.9990047516267639	0.0041963471530049486	1.3629642149417514	93.40780512723737
NaAlSi3O8_T4_nvt_a14.5.outcar.msd.dat	2.67285323945294e-08	2.6491399220557074e-11	0.9993785684333399	0.016037119436717637	3.2843285398570146	125.10580638442079	6.7224030122188796e-09	3.2525432886252593e-12	0.999851838133724	0.004033441807331327	1.0926862028419144	101.60661647237056	4.913132722240821e-09	7.601352418674454e-12	0.9984870976030604	0.0029478796333444928	0.792929973083524	98.97007810553794	6.247529702801694e-09	8.281395666382141e-12	0.9988890069197844	0.003748517821681016	2.243539430524784	112.2680587571414
NaAlSi3O8_T4_nvt_a15.0.outcar.msd.dat	3.8890392230727016e-08	1.1241206272994833e-10	0.9952520038674526	0.023334235338436208	-3.139920850155221	nan	7.33973316526349e-09	1.6000938734621207e-11	0.9972936153058349	0.004403839899158094	0.6107200104895938	79.08297926457513	6.0913722345036705e-09	8.575593694426349e-12	0.9988695717413196	0.0036548233407022023	1.5005045996383615	131.20952224595462	7.921824598658336e-09	6.938993567095803e-12	0.9995620864247837	0.004753094759195001	2.1703916653472533	110.02194784450089
NaAlSi3O8_T4_nvt_a15.5.outcar.msd.dat	5.867299488721415e-08	1.241737009183839e-10	0.997618369501148	0.03520379693232849	0.4380492661412916	109.95903967660972	1.0679718252350575e-08	4.4867632418840246e-11	0.990680182672226	0.006407830951410345	-1.9826084594682136	nan	7.911428881681663e-09	1.16285072273335e-11	0.9988498208714763	0.004746857329008997	1.2852188141777496	126.9790230666698	9.213071253644316e-09	9.694554471227564e-12	0.9994101822620436	0.00552784275218659	2.390084249917603	115.92562192471497
NaAlSi3O8_T4_nvt_a16.0.outcar.msd.dat	6.644607606445922e-08	1.3583340635218517e-10	0.9974448061509658	0.03986764563867552	-9.099219818939275	nan	1.1148491082675904e-08	1.0501890306557907e-11	0.9994563403818388	0.006689094649605542	-0.19322187795096468	nan	1.090084050758322e-08	1.8480150684921137e-11	0.9982413190394221	0.006540504304549931	-1.4128735336461098	nan	1.2291540329285837e-08	7.32700802579431e-12	0.9997822257134209	0.007374924197571501	0.4873844182399907	64.95506632544185
NaAlSi3O8_T4_nvt_a16.5.outcar.msd.dat	5.352621924977265e-08	1.8620187948778812e-10	0.9927915101977708	0.03211573154986359	0.31917295253305156	106.63029885847656	7.491329668434103e-09	1.5157618676858812e-11	0.9975496399548299	0.004494797801060462	4.051110672284466	195.22894136518963	9.803693447514614e-09	6.8456605684005205e-12	0.9997075339276565	0.005882216068508767	2.1697423909224796	178.32176636647574	1.1090655806176357e-08	8.276139373995827e-12	0.9996659993528009	0.006654393483705814	4.062464671486886	164.13308918677916
NaAlSi3O8_T4_nvt_a17.0.outcar.msd.dat	6.036491283022804e-08	9.893417406198331e-11	0.9984471583956307	0.036218947698136814	12.002693959396822	251.63314616554442	1.1035082241377438e-08	8.434651203999132e-12	0.9996618457983041	0.006621049344826462	0.4078066770779074	88.44065667652791	1.179733417433317e-08	1.9259065845984722e-11	0.9984593229506336	0.007078400504599901	2.9818034469493924	205.64894970728216	1.4273559017813878e-08	2.430360518112487e-11	0.9983241813977186	0.008564135410688326	3.7239466002298514	161.0213656232753
NaAlSi3O8_T4_nvt_a17.5.outcar.msd.dat	5.922233945242328e-08	3.5943601098795083e-10	0.9787643532766884	0.03553340367145396	63.71972181987172	482.7800364077011	1.2222163818422007e-08	4.936046606723434e-12	0.9999039414829718	0.0073332982910532035	1.560938725890999	138.73019377998725	1.782803326484458e-08	5.471103783778735e-12	0.9999445330558364	0.010696819958906747	-0.9404809759090682	nan	1.920820357868231e-08	5.259065787968403e-12	0.999955849072931	0.011524922147209385	1.5170732785505265	118.9632909675201
NaAlSi3O8_T4_nvt_a18.0.outcar.msd.dat	9.005821261630494e-08	1.0761532534215704e-10	0.9991468368261468	0.05403492756978296	-12.39845498639096	nan	1.1039960259125443e-08	1.1836746883752437e-11	0.9993130384349446	0.006623976155475266	3.678929158461095	194.00478930004508	1.3299289677465463e-08	1.9167293545091355e-11	0.9987594143115076	0.007979573806479278	5.519298319783857	265.8787854882299	1.4409791587631465e-08	1.562408553120915e-11	0.9992974620569647	0.008645874952578878	7.318350648998177	211.7090583435188
NaAlSi3O8_T4_nvt_a18.5.outcar.msd.dat	8.421494980317377e-08	9.933158471598448e-11	0.9992201332984101	0.05052896988190425	-12.107243175320548	nan	9.904717004246592e-09	3.614609020071832e-11	0.9925840182458331	0.0059428302025479555	6.525646823026193	249.94384712664547	1.6979066587492514e-08	3.851799434730758e-11	0.997121206448584	0.010187439952495507	-1.3888855591623468	nan	1.8248387440194668e-08	3.703188795355154e-11	0.9976950399860559	0.0109490324641168	0.9047853626437217	98.4894492541772
NaAlSi3O8_T4_nvt_a19.0.outcar.msd.dat	8.515467095941612e-08	8.678339297910941e-11	0.9993595824182233	0.051092802575649666	-7.791010924884915	nan	1.1308385150952823e-08	2.4471260020795897e-11	0.997118997502565	0.006785031090571694	2.526252720108161	166.60101805998116	1.7925747498330076e-08	2.5130420773128426e-11	0.998788833601614	0.010755448498998045	-1.0476783587629939	nan	1.7309208097863583e-08	1.84561063546735e-11	0.9992990187606391	0.010385524858718149	3.908216087650544	167.71416898404254
NaAlSi3O8_T5_nvt_a12.0.outcar.msd.dat	9.099691742398747e-09	2.163149208770543e-11	0.9964357136465953	0.005459815045439248	2.4369043515045234	116.03451328935728	5.468192938462002e-09	6.498614679974424e-12	0.9991067572059816	0.0032809157630772005	1.2934643209174297	104.3545676956611	6.171193055339066e-09	1.3820690362970047e-11	0.9968351853685049	0.0037027158332034395	-0.29604486275884057	nan	7.890458980971472e-09	2.6660763352632832e-12	0.9999277375049306	0.0047342753885828825	0.4059192284748683	66.28409727982614
NaAlSi3O8_T5_nvt_a12.5.outcar.msd.dat	1.3082314324755125e-08	3.5844894829919333e-11	0.994556945974322	0.007849388594853075	3.652645749786224	132.0435097820993	1.0476236168993795e-08	2.2932692488111416e-11	0.996518931124288	0.006285741701396276	2.7290826098006633	145.80306427278862	9.690623444820379e-09	1.1991101250812477e-11	0.9988850439647758	0.005814374066892228	1.0247382594019143	107.46788504686876	1.2624554548518751e-08	9.532667801982796e-12	0.9995845260068434	0.00757473272911125	0.3399741069309812	65.13249001362543
NaAlSi3O8_T5_nvt_a13.0.outcar.msd.dat	1.6504957992379596e-08	6.14573232852514e-11	0.9897354676679441	0.009902974795427757	8.952241400702917	185.33704270795877	1.6079243446993642e-08	1.70116004406471e-11	0.999163439685446	0.009647546068196185	1.252480055788645	110.21475411359211	1.0178037598483719e-08	1.0988901425863403e-11	0.9991288287358551	0.006106822559090231	2.246016792457887	143.9390314911832	1.4142480929816655e-08	6.927153617450361e-12	0.9998205753525454	0.008485488557889992	1.1315174733609084	90.75341107657168
NaAlSi3O8_T5_nvt_a13.5.outcar.msd.dat	3.0389017163474504e-08	3.216182737553305e-11	0.9992489923455297	0.0182334102980847	-2.3705321918808977	nan	1.4105970178129698e-08	4.939366807477002e-11	0.9918398021672205	0.008463582106877818	4.271027314535843	166.94186429709814	1.5369530818995307e-08	7.027915922014417e-12	0.9998597207331176	0.009221718491397184	0.4214051945119408	88.45666598526428	1.883612173826343e-08	8.696254218783377e-12	0.9998569980737089	0.011301673042958059	0.855168167741823	83.41790996794671
NaAlSi3O8_T5_nvt_a14.0.outcar.msd.dat	3.8102295509378196e-08	1.5178333117380965e-10	0.9904750643834697	0.022861377305626915	-6.711266496749758	nan	1.4074981615025285e-08	5.982038175124978e-11	0.9891720276340051	0.00844498896901517	6.225007261654959	193.0572051179252	1.4539581475695699e-08	5.551375354962986e-11	0.9912431042715754	0.008723748885417418	2.979478697049089	165.04287194921844	1.8493653348775542e-08	1.414557413901282e-11	0.9996455831115263	0.011096192009265324	2.5251347798894557	117.71203525933564
NaAlSi3O8_T5_nvt_a14.5.outcar.msd.dat	5.43943245353797e-08	5.942906917440296e-11	0.9992914519660313	0.03263659472122782	-3.1170025402586816	nan	2.326633613026614e-08	1.628798428373955e-11	0.9997089693557953	0.013959801678159682	-2.2880675575102742	nan	1.7709376483055846e-08	1.0593201289314708e-11	0.9997875082568424	0.010625625889833507	-1.0141280954080045	nan	2.0297450166435043e-08	1.050773634283571e-11	0.9998408331282913	0.012178470099861026	2.1162390352949956	107.91828888736593
NaAlSi3O8_T5_nvt_a15.0.outcar.msd.dat	5.793201535914746e-08	2.8717186642780187e-10	0.9847792503744821	0.034759209215488474	19.460171599177187	252.7390818469456	2.0404978729764613e-08	1.5126229087489302e-11	0.9996544669364842	0.012242987237858768	2.3621752048052898	135.14742036507835	2.049795007959774e-08	3.144071320476797e-11	0.9985223473725721	0.012298770047758643	-2.55600925237966	nan	2.5642538809363673e-08	2.0464799508592372e-11	0.9995995303258498	0.015385523285618203	-0.5338909318681857	nan
NaAlSi3O8_T5_nvt_a15.5.outcar.msd.dat	5.85629616756212e-08	1.3644099305411914e-10	0.9966728573129827	0.03513777700537272	9.230902614989219	195.07963762442924	2.0723595308047166e-08	6.632016684358752e-11	0.9937409371657161	0.0124341571848283	5.188878341121928	187.07604894836314	2.279123537076493e-08	1.599823451771593e-11	0.9996970632810864	0.013674741222458958	0.982945901099761	121.72869038670393	2.859834907001267e-08	1.4685894293386806e-11	0.9998378475338072	0.0171590094420076	1.1226196951244134	91.27782583556763
NaAlSi3O8_T5_nvt_a16.0.outcar.msd.dat	8.490253953469173e-08	9.746269029405857e-11	0.9990928888218295	0.05094152372081503	-2.6135389193302103	nan	3.2851964052534694e-08	5.588398412104825e-11	0.9980102145470946	0.019711178431520815	1.4534648006206368	136.77683009145437	2.577881726548857e-08	3.044318962196582e-11	0.9990400326931554	0.01546729035929314	4.527703609732242	201.1720939656606	3.321497222682499e-08	1.6199066278950648e-11	0.9998361447986162	0.019928983336094993	1.7648662432855104	109.6771450100726
NaAlSi3O8_T5_nvt_a16.5.outcar.msd.dat	1.1627030065208324e-07	3.117432997930386e-10	0.9956767339454321	0.06976218039124994	-29.97043186066054	nan	3.8678546683589376e-08	4.5086636254589235e-11	0.9991799581271394	0.02320712801015362	-6.85308902039354	nan	4.0446179092418896e-08	4.6477868535293145e-11	0.9992030554641229	0.024267707455451336	-3.1750297214503433	nan	4.0984524421770983e-08	1.8458824788337894e-11	0.999877495504144	0.024590714653062586	0.03350121907337211	73.34017139111128
NaAlSi3O8_T5_nvt_a17.0.outcar.msd.dat	1.1786198399725798e-07	7.743310297039436e-11	0.9997307389923624	0.07071719039835478	-9.395098209057608	nan	3.204597587389734e-08	5.298542647159552e-11	0.9982970173281579	0.0192275855243384	-0.45673764182186005	nan	3.4033075537800136e-08	2.8488984076799017e-11	0.9995629347654483	0.02041984532268008	3.4350779728694505	194.46418729932256	3.9864746855557584e-08	6.065247933445077e-11	0.9985576295387678	0.023918848113334546	6.20268749206204	173.99173497501013
NaAlSi3O8_T5_nvt_a17.5.outcar.msd.dat	1.4098403118729264e-07	2.319596893437244e-10	0.998578152585623	0.08459041871237558	-27.8875451859019	nan	2.953523879417487e-08	5.035358037576102e-11	0.9984734816864753	0.01772114327650492	2.8557680484728962	158.76648582857047	4.2785144956599314e-08	3.303368734961704e-11	0.9996865432092154	0.025671086973959586	1.3115713044102364	166.90294888030428	4.8268498899129946e-08	2.354718395205188e-11	0.9998748353325858	0.028961099339477964	2.2101597973490783	129.6611389966553
NaAlSi3O8_T5_nvt_a18.0.outcar.msd.dat	1.2956284091240976e-07	5.160095376683337e-10	0.9908995528935982	0.07773770454744586	-21.939029831721598	nan	3.935544275590795e-08	8.754430059809124e-11	0.997143184204962	0.023613265653544768	2.1667284932847792	160.18302164277245	5.79700027150981e-08	1.639694752672201e-10	0.9953890459627912	0.034782001629058854	-15.070147279396991	nan	5.882559068783125e-08	2.7501109667791037e-11	0.9998734705991454	0.035295354412698744	-6.27240362508573	nan
NaAlSi3O8_T5_nvt_a18.5.outcar.msd.dat	1.0668292199379426e-07	4.6414504053965664e-10	0.9886963810931811	0.06400975319627655	25.98473157283297	319.02137207403393	3.1581436462346386e-08	8.77533571745255e-11	0.9953582677240084	0.01894886187740783	7.435811146142527	224.081610717008	6.186782026659296e-08	6.508280720841605e-11	0.9993320412019033	0.03712069215995577	-11.058316826901859	nan	5.561477070302847e-08	1.0841964288438632e-10	0.997709782062454	0.03336886242181708	5.216892586393271	175.17123049870185
NaAlSi3O8_T5_nvt_a19.0.outcar.msd.dat	1.234720072458582e-07	3.413347913553292e-10	0.9957764374926634	0.07408320434751492	17.82389568987378	291.8427080419549	3.024357466267821e-08	1.5426703356276632e-10	0.9857653580125534	0.018146144797606924	7.556775114573867	226.95587947683637	5.790513075315696e-08	1.0533796507803642e-10	0.9981667072581536	0.03474307845189417	-11.185580418925639	nan	5.652020209811715e-08	5.1619955594119145e-11	0.9995372783496775	0.03391212125887029	-2.6611770076256107	nan
NaAlSi3O8_T6_nvt_a12.0.outcar.msd.dat	1.4483992038816193e-08	3.680303116475906e-11	0.9959297317551402	0.008690395223289715	2.568435253194437	114.53269193029237	1.0221915469964374e-08	4.466582733650867e-11	0.9880581283174406	0.006133149281978624	4.773507296371683	174.93744329027126	1.262485498254595e-08	5.6131061319148425e-12	0.9998748868144458	0.00757491298952757	-0.35226792665541495	nan	1.4235626903780162e-08	5.342905301042572e-12	0.9999108406803436	0.008541376142268096	0.5219731381601136	72.62669139318024
NaAlSi3O8_T6_nvt_a12.5.outcar.msd.dat	2.0850796725501345e-08	7.878329299806254e-11	0.988358964737628	0.012510478035300806	5.103373748388421	144.39836478974237	1.626678433475977e-08	1.6145939581462058e-11	0.9991878722861549	0.00976007060085586	0.8379709589173174	88.34301167617754	1.4383079117179993e-08	1.1889402778268401e-11	0.9994365887244466	0.008629847470307995	-0.34454486295965125	nan	2.0295660857771313e-08	1.0812877090157124e-11	0.9997658854527474	0.012177396514662788	-1.4282287932297635	nan
NaAlSi3O8_T6_nvt_a13.0.outcar.msd.dat	3.481727850639108e-08	1.1133719103520943e-10	0.9925603624154159	0.020890367103834646	-2.9238613564525764	nan	2.3215550068018846e-08	2.298903808177085e-11	0.9992817501012613	0.013929330040811306	1.315141364007033	108.77332388895783	2.2855700289289945e-08	1.7530822390550256e-11	0.99956894543931	0.013713420173573966	-2.991277868206822	nan	2.5991891501018305e-08	1.6794693256984084e-11	0.9996940577426592	0.01559513490061098	-1.0432996981257077	nan
NaAlSi3O8_T6_nvt_a13.5.outcar.msd.dat	4.810266395492924e-08	8.034689655525315e-11	0.9981953602930121	0.028861598372957542	-9.561272290073958	nan	3.186267197065571e-08	1.9222538393452375e-11	0.9997642076669903	0.019117603182393424	-3.057572968358542	nan	2.868924161376522e-08	4.1764122768756214e-11	0.9986286521823022	0.01721354496825913	-5.17477937316508	nan	2.9521088119765765e-08	5.646482517769805e-12	0.9999762941264309	0.01771265287185946	-0.09874453080198009	47.47200032496216
NaAlSi3O8_T6_nvt_a14.0.outcar.msd.dat	4.22311442545047e-08	1.64824361171368e-10	0.9907636877234478	0.02533868655270282	16.172833692036804	220.6563172422138	3.4639225802129314e-08	3.517720815426877e-11	0.9993692405236662	0.020783535481277586	-2.8832404833400886	nan	2.9013199715560014e-08	3.1568632377530045e-11	0.9992759690255557	0.017407919829336007	-0.38909673706632475	nan	3.730445468731325e-08	1.6206662265870696e-11	0.9998845039764873	0.022382672812387948	-0.4917264444551961	nan
NaAlSi3O8_T6_nvt_a14.5.outcar.msd.dat	5.070858847307118e-08	1.9569176591945835e-10	0.9907631005068325	0.030425153083842704	15.601729269233914	220.86056537355446	4.0584430281832385e-08	1.3278141803721797e-10	0.9933437504739152	0.02435065816909943	-11.104721379229304	nan	3.1338376692432063e-08	2.7272736812818785e-11	0.9995261150364525	0.018803026015459235	2.258907791030282	145.67016666098363	4.084338570165007e-08	4.854854980430745e-11	0.999116311030033	0.02450603142099004	-2.6395636134992486	nan
NaAlSi3O8_T6_nvt_a15.0.outcar.msd.dat	1.0274139932103022e-07	4.098590999321596e-10	0.989590373848615	0.06164483959261813	-39.58109424177843	nan	2.7997099990453596e-08	1.3290073751285925e-10	0.985323949957835	0.016798259994272157	15.766825814170872	271.0690341829967	3.6688260416521676e-08	5.568071528456014e-11	0.9984798161272354	0.022012956249913004	2.91225124424615	162.6940230333243	4.4046211465842605e-08	1.7929365723566478e-11	0.9998904867597401	0.02642772687950556	2.2643462314863854	113.17084422436531
NaAlSi3O8_T6_nvt_a15.5.outcar.msd.dat	9.599310358448947e-08	2.9681430760553965e-10	0.993918365907584	0.05759586215069368	14.45366446471786	232.10055037960134	4.602471578896992e-08	1.9608848789424196e-10	0.9885161971478936	0.027614829473381952	-6.7193225924021505	nan	4.3780367208430575e-08	2.3467753573167986e-11	0.9998161412274678	0.026268220325058343	-0.3980974975139162	83.7808967794491	5.0034337673202366e-08	3.138876756575654e-11	0.9997481842929519	0.030020602603921417	4.1650367490824465	140.0015487062428
NaAlSi3O8_T6_nvt_a16.0.outcar.msd.dat	9.53080881612912e-08	2.2129754233044244e-10	0.9962028229468963	0.05718485289677472	16.41894176212844	241.70588009709317	4.169327103160558e-08	8.300708358609652e-11	0.9972055106642466	0.02501596261896334	5.425878047107531	186.21265194758917	4.48767650419911e-08	7.344164146877763e-11	0.9981100969465584	0.026926059025194658	0.6553235598873357	125.54502526734854	5.88424366696714e-08	3.7725535292166774e-11	0.9997094755105949	0.03530546200180284	-1.5027468306812466	nan
NaAlSi3O8_T6_nvt_a16.5.outcar.msd.dat	1.4508275083827592e-07	4.100193643275327e-10	0.994961829612349	0.08704965050296554	-23.461552066948684	nan	3.987678624613122e-08	2.0818301385834942e-10	0.9830136876691126	0.023926071747678728	12.95839135151651	258.07494837322736	6.851943281293873e-08	1.4768475924470504e-10	0.9970633253118953	0.04111165968776324	-18.5031245495816	nan	6.477439485583945e-08	3.0920478210811425e-11	0.9998555517796284	0.03886463691350366	2.046076302200248	122.91852262278877
NaAlSi3O8_T6_nvt_a17.0.outcar.msd.dat	1.34857048431398e-07	1.936630981237215e-10	0.9986901115419603	0.0809142290588388	-0.4384161846493271	147.8097894271973	6.572059981974627e-08	7.920390630614278e-11	0.9990771177490871	0.039432359891847756	-12.043432141488779	nan	7.110950110674536e-08	8.152605123876849e-11	0.9991647206236731	0.042665700664047214	-8.783387943352352	nan	7.572461392700827e-08	6.143482026796713e-11	0.9995815626903937	0.04543476835620496	2.153297409002164	131.38080402351636
NaAlSi3O8_T6_nvt_a17.5.outcar.msd.dat	1.295105094495884e-07	1.7558170763118186e-10	0.9990084572620769	0.07770630566975303	10.312495851140284	222.86687413454396	7.557191559797718e-08	1.3045759116412907e-10	0.9983933795114673	0.045343149358786305	-16.174721374221804	nan	7.585107781801517e-08	7.75783384469459e-11	0.9994354454103009	0.0455106466908091	-2.412322265641592	nan	9.225768228445861e-08	4.6807210516589256e-11	0.9998610195103905	0.05535460937067516	-4.475383048853558	nan
NaAlSi3O8_T6_nvt_a18.0.outcar.msd.dat	1.5638675307994052e-07	3.5400043440066757e-10	0.9967110082325563	0.0938320518479643	26.923669135845273	305.45773753902057	4.092363774913787e-08	2.6285973395805116e-10	0.9741180425208645	0.024554182649482722	28.27210370114625	349.222021784574	7.793525165928015e-08	4.322616406594005e-11	0.9998019269689086	0.04676115099556809	-4.566222662727142	nan	9.722851296718063e-08	6.500153449179771e-11	0.9997122463701942	0.05833710778030838	-9.261799418766714	nan
NaAlSi3O8_T6_nvt_a18.5.outcar.msd.dat	2.1012596573990143e-07	4.4567940403859904e-10	0.9972498894264796	0.12607557944394085	-5.984959455350577	151.0403680247578	8.918097714729103e-08	5.5335275284438564e-11	0.9997640512462859	0.05350858628837461	-14.835736739674473	nan	8.586547419665097e-08	3.626909893231809e-10	0.9891813571441658	0.05151928451799058	14.962529557908027	339.2453738311198	1.0445758481568747e-07	8.773301783825347e-11	0.9995677660321912	0.06267455088941247	0.21180047755967735	133.37534906540452
NaAlSi3O8_T6_nvt_a19.0.outcar.msd.dat	2.2044855161845587e-07	5.164186291529577e-10	0.9966473263436623	0.1322691309710735	-50.346307741690225	nan	7.169888987027498e-08	1.368957344432118e-10	0.9977703021392592	0.04301933392216498	-9.970769089870174	nan	9.344452799437739e-08	1.0027796041532326e-10	0.9992945646242248	0.056066716796626434	-6.1881903887671115	nan	1.2624889766611656e-07	1.5591520739556038e-10	0.9990659365246186	0.07574933859966992	-23.94109568103744	nan
NaAlSi3O8_T7_nvt_a15.0.outcar.msd.dat	1.0544345533942947e-07	1.9373953117297364e-10	0.9980054182708079	0.06326607320365768	-17.30972819437551	nan	4.971653957717645e-08	2.4486421234479007e-10	0.9858427725151795	0.029829923746305873	8.500351255065993	205.7027592956733	5.11213385662491e-08	6.604619013184267e-11	0.9990128483233115	0.03067280313974946	5.908410082380215	193.147215103438	7.547718088067359e-08	4.776640795185985e-11	0.9997629540321461	0.04528630852840415	0.3768399479229174	94.5301046199237
NaAlSi3O8_T7_nvt_a16.0.outcar.msd.dat	1.4532149409286676e-07	1.5227488466124698e-10	0.9993690563226775	0.08719289645572005	-16.50017347968867	nan	4.498281076389325e-08	2.47010751239964e-10	0.9829571984405092	0.026989686458335948	17.52459406549849	259.6287726122838	9.610642575978556e-08	1.3246608985054877e-10	0.9989088152886112	0.05766385545587133	-21.311045134115147	nan	8.394426165242809e-08	2.4161121512597623e-11	0.9999523679459813	0.05036655699145685	2.7010594596625594	126.8358031719922
NaAlSi3O8_T7_nvt_a17.0.outcar.msd.dat	1.9580440696046978e-07	5.385235881212418e-10	0.9953770358535396	0.11748264417628186	-44.48505863940193	nan	1.0132626488390327e-07	1.2374149817360182e-10	0.999085133890206	0.06079575893034196	-9.816775598007041	nan	9.87052365383846e-08	1.209591189108214e-10	0.9990787766302273	0.059223141923030756	-14.252978944000006	nan	1.0293387039351629e-07	1.9560809883588145e-10	0.9977876005989424	0.06176032223610977	10.205951247315966	194.71280082516222
NaAlSi3O8_T7_nvt_a17.5.outcar.msd.dat	1.6074913342198584e-07	7.706369864462901e-10	0.9865544622662707	0.09644948005319151	53.37680068567846	366.97329393735447	1.0102545919485399e-07	2.223880739159817e-10	0.9971347016835307	0.06061527551691239	-27.195837706867934	nan	1.148909120470066e-07	1.4462046152492948e-10	0.9990612824135469	0.06893454722820395	-15.140896908293428	nan	1.2240571177456047e-07	7.32076890024836e-11	0.9997879332348486	0.07344342706473628	-0.9050499869223358	107.70270130510488
NaAlSi3O8_T7_nvt_a18.0.outcar.msd.dat	2.081924999877141e-07	2.9523663250464803e-10	0.9988149208460707	0.12491549999262845	-17.32834140830016	nan	8.773579264523772e-08	1.470869521511868e-10	0.9983445078171838	0.052641475587142626	-5.238296959306155	nan	1.3196070819524557e-07	1.7242175202966522e-10	0.9989937413854251	0.07917642491714733	-21.65334604724319	nan	1.4333615182295754e-07	4.528638641606257e-11	0.9999411088155321	0.08600169109377452	-11.017063547046064	nan
NaAlSi3O8_T7_nvt_a18.5.outcar.msd.dat	1.5843216509882793e-07	3.9521472439936527e-10	0.9965953636969092	0.09505929905929675	40.17345499329383	328.72188608222166	1.1931633513708975e-07	1.368595609761132e-10	0.9992782126981138	0.07158980108225384	-20.120065493773325	nan	1.345866839153361e-07	4.135087106469659e-10	0.9948442414044062	0.08075201034920165	-21.178729569493157	nan	1.3262047593464388e-07	2.0778644114576416e-10	0.9986541374908935	0.07957228556078633	5.514869447247804	179.1930316780375
NaAlSi3O8_T7_nvt_a19.0.outcar.msd.dat	2.047751963329306e-07	5.90872789247438e-10	0.9948067462735123	0.12286511779975834	34.66660698574083	344.6845062138794	1.3187535040738543e-07	3.6519573049858073e-10	0.995214707860431	0.07912521024443125	5.971619001901331	243.9619683839947	1.589481189057317e-07	1.8517620612373298e-10	0.9991497283587704	0.09536887134343901	-33.278463142718806	nan	1.638891464138051e-07	8.651190733394538e-11	0.9998253200499122	0.09833348784828307	-17.972062128682808	nan
