cluster	./NaAlSi3O8_T4_nvt_a12.0.	./NaAlSi3O8_T4_nvt_a12.5.	./NaAlSi3O8_T4_nvt_a13.0.	./NaAlSi3O8_T4_nvt_a13.5.	./NaAlSi3O8_T4_nvt_a14.0.	./NaAlSi3O8_T4_nvt_a14.5.	./NaAlSi3O8_T4_nvt_a15.0.	./NaAlSi3O8_T4_nvt_a15.5.	./NaAlSi3O8_T4_nvt_a16.0.	./NaAlSi3O8_T4_nvt_a16.5.	./NaAlSi3O8_T4_nvt_a17.0.	./NaAlSi3O8_T4_nvt_a17.5.	./NaAlSi3O8_T4_nvt_a18.0.	./NaAlSi3O8_T4_nvt_a18.5.	./NaAlSi3O8_T4_nvt_a19.0.	
O_15	434475.0	464850.0	230500.0	68218.0	14139.0	1284.0	1157.0	296.0								
O_13	567077.0	521196.0	618585.0	466198.0	229216.0	55090.0	41658.0	18817.0								
O_17	30832.0	50802.0	11406.0	1342.0	56.0	12.0	1.0									
O_14	663144.0	641444.0	483739.0	225480.0	73119.0	10297.0	7862.0	3334.0								
O_12	280863.0	260246.0	496166.0	618627.0	455016.0	186480.0	130932.0	69165.0								
Na_1O_9	87175.0	78813.0	83252.0	69919.0	39582.0	15235.0	4892.0	1848.0	778.0	1476.0	764.0	614.0	374.0	614.0	458.0	
Al_1O_8	17491.0	3263.0	529.0	132.0	9.0	19.0					12.0					
Al_1O_4	3450.0	18301.0	52802.0	99530.0	151603.0	156851.0	151512.0	145641.0	163919.0	306118.0	285920.0	289300.0	297858.0	282818.0	306052.0	
O_16	158546.0	199935.0	65682.0	13334.0	1495.0	215.0	108.0	13.0								
Si_1O_6	350608.0	152399.0	57152.0	18791.0	6865.0	2487.0	1094.0	923.0	718.0	1776.0	1480.0	1120.0	1580.0	814.0	1390.0	
Na_1O_11	41269.0	47634.0	26066.0	9383.0	2559.0	474.0	84.0	31.0		66.0	14.0	24.0	2.0		50.0	
Si_1O_4	87052.0	257609.0	432591.0	605672.0	700687.0	681832.0	603636.0	554344.0	597326.0	1121472.0	1026218.0	993734.0	995944.0	898106.0	1025740.0	
Na_1O_12	9754.0	14658.0	6858.0	1629.0	266.0	59.0	30.0					4.0			6.0	
Al_1O_6	133224.0	124437.0	78386.0	47633.0	21563.0	11597.0	6187.0	3836.0	3331.0	6172.0	5184.0	5266.0	5498.0	3542.0	5298.0	
Si_1O_5	372925.0	419888.0	336315.0	234965.0	155598.0	89277.0	62133.0	47786.0	45797.0	85616.0	76194.0	78014.0	76570.0	65854.0	75640.0	
O_11	84982.0	78385.0	242360.0	534344.0	616076.0	403076.0	288556.0	175525.0								
O_10	15152.0	13978.0	74735.0	302903.0	554365.0	568662.0	440332.0	334494.0								
Al_1O_5	42190.0	97999.0	134058.0	137246.0	114001.0	82305.0	64695.0	45605.0	48072.0	77284.0	76026.0	72832.0	72756.0	62216.0	70642.0	
Al_1O_10	2.0															
Na_1O_8	44393.0	40789.0	65830.0	86028.0	72518.0	39565.0	17353.0	8196.0	4810.0	6114.0	3542.0	3402.0	2356.0	2762.0	2450.0	
Al_1O_7	82670.0	35796.0	11576.0	4775.0	1057.0	446.0	330.0	111.0	45.0	316.0	342.0	210.0	98.0	86.0	132.0	
Na_1O_10	85495.0	82552.0	63323.0	33686.0	13735.0	3580.0	1129.0	355.0	97.0	270.0	156.0	84.0	32.0	56.0	98.0	
Si_1O_7	28488.0	5443.0	775.0	178.0	36.0								12.0		2.0	
Na_1O_7	9679.0	11455.0	27408.0	61117.0	83881.0	68203.0	37403.0	22472.0	15285.0	20580.0	14664.0	13102.0	10016.0	10848.0	9592.0	
O_18	3144.0	7212.0	952.0	99.0	2.0											
Na_1O_13	1201.0	2413.0	1019.0	151.0	16.0											
O_19	124.0	596.0	106.0													
O_9	1630.0	1369.0	13996.0	108040.0	332858.0	533399.0	482595.0	443973.0								
Al_1O_9	960.0	47.0	11.0													
Si_1O_8	594.0	34.0	23.0													
Na_1O_6	952.0	1425.0	5703.0	26304.0	60732.0	72898.0	59130.0	44410.0	36226.0	56174.0	37722.0	37034.0	30988.0	27122.0	27390.0	
O_8	159.0	68.0	1762.0	25159.0	131391.0	324704.0	366076.0	414414.0								
Si_1O_3	381.0	4623.0	12849.0	28229.0	53909.0	65290.0	91958.0	106450.0	164071.0	320798.0	367464.0	418394.0	439048.0	443616.0	454466.0	
Na_1O_14	69.0	180.0	82.0	7.0												
Na_1O_5	17.0	97.0	475.0	6806.0	25526.0	51728.0	63680.0	57873.0	60369.0	104070.0	80942.0	78750.0	69586.0	61094.0	62648.0	
Na_1O_15	12.0															
Al_1O_3	29.0	173.0	2557.0	6666.0	17462.0	28498.0	31397.0	42496.0	54605.0	124138.0	128818.0	134260.0	133700.0	132556.0	144074.0	
O_20		21.0														
O_7		26.0	135.0	3812.0	33134.0	121268.0	186692.0	270082.0								
Si_1O_2		47.0	338.0	213.0	761.0	1142.0	4369.0	5600.0	8146.0	19276.0	24890.0	28688.0	29530.0	43560.0	32396.0	
Si_1O_1		5.0	5.0			20.0	58.0	145.0	86.0	1558.0	2026.0	2994.0	3492.0	2930.0	3870.0	
Al_1O_2			97.0	34.0	257.0	300.0	295.0	727.0	2076.0	2592.0	2724.0	5740.0	5384.0	3712.0	4690.0	
O_6			4.0	516.0	5819.0	27549.0	60645.0	112007.0								
Na_1O_4				949.0	6418.0	22153.0	46637.0	55842.0	71326.0	131042.0	120546.0	116050.0	119370.0	100480.0	110250.0	
O_5				56.0	885.0	6677.0	21638.0	44715.0								
Na_1O_3				37.0	684.0	5351.0	18643.0	32872.0	53439.0	116526.0	126910.0	127658.0	137420.0	127020.0	138818.0	
O_4					45.0	1305.0	6351.0	18163.0								
Na_1O_2					35.0	690.0	4654.0	12568.0	24439.0	63040.0	86240.0	95748.0	100008.0	105836.0	120356.0	
O_3						110.0	725.0	2330.0			52.0		2.0		6.0	
Na_1O_1						80.0	760.0	1817.0	4978.0	16612.0	26480.0	31512.0	41336.0	45000.0	54344.0	
O_2									4156.0	8448.0	8824.0	9316.0	13768.0	25268.0	9040.0	
Al_1O_1										212.0	398.0	40.0	98.0	30.0	280.0	
