235.00	6.02			3000	3000				
241.00	6.02			4000	4000				
251.00	6.02			5000	5000				
261.00	6.02			6000	6000				
179.00	5.61			3000	3000				
187.00	5.61			4000	4000				
196.00	5.61			5000	5000				
207.00	5.61			6000	6000				
135.00	5.23			3000	3000				
145.00	5.23			4000	4000				
153.00	5.23			5000	5000				
162.00	5.23			6000	6000				
108.00	4.76			5000	5000				
117.00	4.76				6000				
76.20	4.58			3000	3000				
85.30	4.58			4000	4000				
93.10	4.58			5000	5000				
102.00	4.58				6000				
76.30	4.46			4000	4000				
84.70	4.46			5000	5000				
92.40	4.46				6000				
58.30	4.29			3000	3000				
65.50	4.29			4000	4000				
72.70	4.29				5000				
80.30	4.29				6000				
73.40	4.19				6000				
63.50	4.13				5000				
43.50	4.03			3000	3000				
50.80	4.03			4000	4000				
56.80	4.03				5000				
63.80	4.03				6000				
33.40	3.79			3000	3000				
39.00	3.79			4000	4000				
26.10	3.57			3000	3000				
30.00	3.57			4000	4000				
35.20	3.57				5000				
40.00	3.57				6000				
18.30	3.17			4000	4000				
21.50	3.17				5000				
4.12	2.58			1932	1932				
1.92	2.28			3000	3000				
2.04	2.26			3000	3000				
1.76	2.24			3000	3000				
539.00	6.97				15000				
552.00	6.76				20000				
405.00	6.6			10000	10000				
467.00	6.6				15000				
308.00	6.02			10000	10000				
362.00	6.02				15000				
311.00	5.69				15000				
355.00	5.69				20000				
251.00	5.61				10000				
203.00	5.23				10000				
187.00	5.09				10000				
268.00	5.09				20000				
213.00	4.96				15000				
184.00	4.7				15000				
130.00	4.52				10000				
192.00	4.46				20000				
102.00	4.19				10000				
140.00	3.93				20000				
140.00	3.93				20000				
67.00	3.65				10000				
92.40	3.65				15000				
32.60	2.9				10000				
50.00	2.9				15000				
68.50	2.9				20000				
68.10	2.9				20000				
43.60	4.03			3000	3000				
49.60	4.03				4000				
55.60	4.03				5000				
61.40	4.03				6000				
38.40	3.79				4000				
25.50	3.57			3000	3000				
29.90	3.57				4000				
34.00	3.57				5000				
38.60	3.57				6000		6000		
15.80	3.17			3000	3000				
17.90	3.17				4000				
20.50	3.17				5000				
24.00	3.17				6000		6000		
9.12	2.83			3000	3000				
10.20	2.83				4000				
12.40	2.83				5000		5000		
15.10	2.83				6000		6000		
4.77	2.54			3000	3000				
5.52	2.54				4000				
7.12	2.54				5000		5000		
9.40	2.54				6000		6000		
1.36	2.29			3000	3000				
2.60	2.29				4000				
4.11	2.29				5000		5000		
5.90	2.29				6000		6000		
-0.44	2.06			2000	2000				
0.56	2.06			3000	3000				
1.17	2.06				4000				
1.68	2.06				4500		4500		
2.36	2.06				5000		5000		
2.75	2.06				5500		5500		
3.68	2.06				6000		6000		
4.31	2.06				6500		6500		
5.22	2.06				7000		7000		
-1.56	1.87			2000	2000				
-0.43	1.87			3000	3000				
0.29	1.87				4000				
0.86	1.87				4500		4500		
1.40	1.87				5000		5000		
2.44	1.87				6000		6000		
-1.91	1.70			2000	2000				
-0.73	1.70			3000		3000			
-0.04	1.70				4000		4000		
0.25	1.70				4500		4500		
0.62	1.70				5000		5000		
1.12	1.70				5500		5500		
1.59	1.70				6000		6000		
2.02	1.70				6500		6500		
2.62	1.70				7000		7000		
-2.16	1.55			2000		2000			
-0.65	1.55					3000			
-0.25	1.55					4000			
0.10	1.55				4500		4500		
0.36	1.55				5000		5000		
1.15	1.55				6000		6000		
-2.36	1.42			2000		2000			
-0.57	1.42					3000			
-0.30	1.42					4000	4000		
-0.07	1.42				4500		4500		
0.16	1.42				5000		5000		
0.37	1.42				5500		5500		
0.83	1.42				6000		6000		
1.04	1.42				6500		6500		
1.52	1.42				7000		7000		
-1.49	1.30			2000		2000			
-0.49	1.30					3000			
-0.24	1.30					4000			
-0.15	1.30				4500		4500		
0.17	1.30				5000		5000		
0.65	1.30				6000		6000		
1.20	1.30				7000		7000		
-1.69	1.19			2000		2000			
-0.57	1.19					3000			
-0.33	1.19					4000	4000		
-0.18	1.19					4500	4500		
0.04	1.19				5000		5000		
0.08	1.19				5500		5500		
0.42	1.19				6000		6000		
0.65	1.19				6500		6500		
0.97	1.19				7000		7000		
-1.44	1.10			2000		2000			
-0.47	1.10					3000			
-0.26	1.10					4000			
-0.16	1.10					4500	4500		
0.01	1.10				5000		5000		
0.39	1.10				6000		6000		
0.83	1.10				7000		7000		
-0.75	1.02			2000		2000			
-0.47	1.02					3000			
-0.31	1.02					4000	4000		
-0.16	1.02					4500	4500		
-0.05	1.02				5000		5000		
0.11	1.02				5500		5500		
0.30	1.02				6000		6000		
0.45	1.02				6500		6500		
0.72	1.02				7000		7000		
-0.195	0.85								4000
-0.03	0.4								4500
0	0.47								5000
0.05	0.51								5500
0.14	0.44								6000
0.13	0.62							6000	
0.03	0.83							5500	
-0.08	1.01							5000	
-0.25	1.14							4500	
-0.33	1.32							4000	
-0.67	1.45							3000	
-2.17	1.57							2000	
-0.19	0.87					4000	4000		
-0.18	0.87					4500	4500		
-0.07	0.87					5000	5000		
0.05	0.87				5500		5500		
0.21	0.87				6000		6000		
0.30	0.87				6500		6500		
-0.15	0.75					4000	4000		
-0.11	0.75					4500	4500		
-0.06	0.75					5000	5000		
0.06	0.75				5500		5500		
0.13	0.75				6000		6000		
0.29	0.75				6500		6500		
-0.15	0.65					4000	4000		
-0.09	0.65					4500	4500		
-0.02	0.65					5000	5000		
0.05	0.65					5500	5500		
0.16	0.65				6000		6000		
0.25	0.65					6500	6500		
-0.13	0.57					4000	4000		
-0.08	0.57					4500	4500		
-0.01	0.57					5000	5000		
0.01	0.57					5500	5500		
0.12	0.57				6000		6000		
0.21	0.57					6500	6500		
-0.05	0.47					4500	4500		
0.00	0.47					5000	5000		
0.03	0.47					5500	5500		
0.13	0.47					6000	6000		
0.17	0.47					6500	6500		
-0.02	0.37					4500	4500		
0.00	0.37					5000	5000		
0.04	0.37					5500	5500		
0.13	0.37					6000	6000		
0.17	0.37					6500	6500		