SimulationID	Pseudo_isoT(K)	Density(kg/m^3)	T(K)	σT(K)	P(GPa)	σP(GPa)	 	D_Na(m^2/s)	D_Al(m^2/s)	D_Si(m^2/s)	D_O(m^2/s)
RN017	3000	2100.000401	3090.463416	17.747693	-0.41044	0.169124		2.607364E-08	5.053565E-09	2.528103E-09	2.879610E-09
RN025	3000	2200.001005	3040.792643	17.688485	-0.12625	0.157949		2.117145E-08	4.344188E-09	2.099134E-09	3.107090E-09
RN033	3000	2250.001096	3080.783348	18.179408	0.19253	0.169800		1.910393E-08	4.664272E-09	2.279001E-09	2.093737E-09
RN041	3000	2300.001057	3093.185507	18.059860	0.49643	0.180666		1.906708E-08	4.809148E-09	2.449758E-09	1.627777E-09
RN049	3000	2400.001105	3074.486380	17.624435	1.20005	0.187290		1.628944E-08	4.878032E-09	2.516219E-09	3.318197E-09
RN057	3000	2500.001096	3042.609449	16.526698	2.07313	0.213508		1.298848E-08	4.638462E-09	2.271108E-09	2.943735E-09
RN065	3000	2600.004334	3085.832340	17.176448	3.22180	0.187795		1.160478E-08	4.636368E-09	2.689153E-09	2.763353E-09
RN073	3000	2700.000113	3048.457660	17.030320	4.49006	0.204018		9.504490E-09	4.781000E-09	2.588450E-09	3.253087E-09
RN081	3000	2800.002586	3072.946527	17.702014	6.15528	0.215005		8.920410E-09	4.908820E-09	2.662543E-09	3.371012E-09
RN089	3000	2900.000972	3061.591408	16.425725	7.98120	0.210488		7.622944E-09	4.325495E-09	2.447527E-09	3.471001E-09
RN097	3000	3000.007665	3064.774264	16.571841	10.09245	0.218306		6.340900E-09	4.427483E-09	2.638063E-09	3.277876E-09
RN105	3000	3100.000681	3083.016684	16.727944	12.57187	0.237933		5.639703E-09	4.155838E-09	2.572553E-09	3.175207E-09
RN113	3000	3200.001704	3058.877009	16.937818	15.19526	0.239662		4.946791E-09	3.718320E-09	2.361469E-09	3.214304E-09
RN121	3000	3300.002355	3060.606466	17.292681	18.28571	0.251678		4.041656E-09	3.766261E-09	2.317299E-09	2.468571E-09
RN129	3000	3400.000875	3084.932254	17.188123	21.83757	0.253126		3.809371E-09	3.316867E-09	2.216478E-09	3.531595E-09
RN137	3000	3500.001321	3043.762047	16.702374	25.45455	0.280540		2.847178E-09	2.687960E-09	1.834597E-09	3.366026E-09
RN145	3000	3600.002031	3046.047463	17.032003	29.73016	0.281606		2.185590E-09	2.289365E-09	1.517833E-09	3.285434E-09
RN011	3353	2000.004505	3349.617735	19.282958	-0.37994	0.155377		3.502262E-08	8.347229E-09	4.710840E-09	2.412440E-09
RN018	3353	2100.000401	3365.399735	19.038955	-0.16487	0.174745		3.032831E-08	8.272151E-09	4.271111E-09	4.652853E-09
RN026	3353	2200.001005	3363.284632	18.727498	0.24194	0.184248		2.732764E-08	7.736635E-09	4.217826E-09	4.565606E-09
RN034	3353	2250.001096	3349.102274	18.698069	0.50206	0.180641		2.438012E-08	7.450521E-09	4.231317E-09	4.443351E-09
RN042	3353	2300.001057	3341.807024	18.403007	0.78078	0.183635		2.214708E-08	7.750312E-09	3.982044E-09	5.180164E-09
RN050	3353	2400.001105	3364.513863	19.470843	1.60232	0.193588		2.026612E-08	7.500722E-09	3.879400E-09	3.007638E-09
RN058	3353	2500.001096	3360.380930	18.199593	2.55526	0.195056		1.742186E-08	7.066471E-09	4.026728E-09	5.371050E-09
RN066	3353	2600.004334	3371.503636	17.971388	3.73614	0.195694		1.481297E-08	7.020215E-09	3.961148E-09	5.887484E-09
RN074	3353	2700.000113	3370.695082	19.378640	5.13459	0.213845		1.283177E-08	7.223097E-09	4.131840E-09	4.125870E-09
RN082	3353	2800.002586	3373.763824	19.881408	6.81191	0.219448		1.103141E-08	6.848170E-09	3.988405E-09	3.972040E-09
RN090	3353	2900.000972	3331.520717	18.861415	8.64562	0.227678		9.664612E-09	6.581030E-09	3.837886E-09	3.453132E-09
RN098	3353	3000.007665	3339.551410	19.511994	10.88083	0.241056		8.615762E-09	6.132787E-09	3.599198E-09	5.179903E-09
RN106	3353	3100.000681	3340.125715	20.896499	13.38668	0.242817		7.514804E-09	5.664229E-09	3.573816E-09	5.494700E-09
RN114	3353	3200.001704	3354.834174	18.611438	16.30774	0.265963		6.302998E-09	5.565382E-09	3.275147E-09	5.076916E-09
RN122	3353	3300.002355	3355.262085	18.556425	19.50627	0.262063		5.926351E-09	5.045162E-09	3.363422E-09	5.578706E-09
RN130	3353	3400.000875	3357.622908	18.908499	23.14456	0.258699		5.049804E-09	4.618393E-09	3.110795E-09	5.121523E-09
RN138	3353	3500.001321	3348.128695	17.984942	27.10640	0.264563		4.049644E-09	4.227195E-09	2.817036E-09	5.151059E-09
RN146	3353	3600.002031	3318.891773	19.067189	31.40535	0.264288		3.266946E-09	3.234757E-09	2.273659E-09	5.096478E-09
RN005	3651	1900.003355	3656.675123	20.646324	-0.21307	0.156412		4.846271E-08	1.231718E-08	7.155744E-09	4.907093E-09
RN012	3651	2000.004505	3659.297364	21.424848	-0.15527	0.177074		4.303609E-08	1.234443E-08	7.238272E-09	7.046648E-09
RN019	3651	2100.000401	3633.488753	20.855869	0.11852	0.175861		3.585389E-08	1.046799E-08	6.063621E-09	7.771835E-09
RN027	3651	2200.001005	3641.576104	20.859346	0.56488	0.192138		3.108504E-08	1.009658E-08	5.913039E-09	8.077929E-09
RN035	3651	2250.001096	3632.958173	20.519617	0.84948	0.188021		2.961579E-08	1.042855E-08	6.241031E-09	6.430813E-09
RN043	3651	2300.001057	3694.655742	21.571387	1.25731	0.196262		2.752237E-08	1.124052E-08	6.197196E-09	7.374237E-09
RN051	3651	2400.001105	3634.015132	21.222771	1.98199	0.190350		2.434980E-08	1.024902E-08	5.690077E-09	4.534210E-09
RN059	3651	2500.001096	3657.996478	22.497413	3.03663	0.206152		2.159610E-08	1.021285E-08	5.808460E-09	7.783745E-09
RN067	3651	2600.004334	3673.359915	20.241934	4.31419	0.223370		1.679264E-08	1.011339E-08	5.637378E-09	3.351826E-09
RN075	3651	2700.000113	3626.591516	20.377040	5.68060	0.220838		1.536112E-08	9.403558E-09	5.515123E-09	4.014743E-09
RN083	3651	2800.002586	3662.790464	19.735634	7.51237	0.234097		1.435692E-08	9.283736E-09	5.620065E-09	9.267146E-09
RN091	3651	2900.000972	3633.987088	19.622226	9.43220	0.235201		1.250051E-08	8.245700E-09	5.247687E-09	7.520221E-09
RN099	3651	3000.007665	3665.897766	21.225009	11.83666	0.246352		1.095528E-08	8.457907E-09	5.151350E-09	9.053796E-09
RN107	3651	3100.000681	3671.684238	21.158136	14.53019	0.251744		9.427097E-09	7.727072E-09	4.932025E-09	7.012609E-09
RN115	3651	3200.001704	3668.734065	21.194274	17.52197	0.256415		8.388110E-09	6.955418E-09	4.839861E-09	6.254899E-09
RN123	3651	3300.002355	3626.007353	19.015235	20.66790	0.249293		7.121478E-09	6.612951E-09	4.334757E-09	5.597039E-09
RN131	3651	3400.000875	3634.138814	20.658129	24.48729	0.273944		6.138980E-09	6.000819E-09	4.035434E-09	6.097897E-09
RN139	3651	3500.001321	3648.693956	19.501911	28.77767	0.281845		5.231791E-09	5.535316E-09	3.657113E-09	7.384947E-09
RN147	3651	3600.002031	3643.118853	20.606042	33.43595	0.297292		4.426961E-09	4.869754E-09	3.217746E-09	8.104898E-09
RN006	4000	1900.003355	3951.973076	23.353959	-0.08083	0.178198		5.763717E-08	1.635485E-08	1.053279E-08	6.355239E-09
RN013	4000	2000.004505	3954.713622	22.224334	0.13504	0.175331		4.718530E-08	1.589998E-08	1.049566E-08	5.077125E-09
RN020	4000	2100.000401	3946.398987	22.024143	0.45253	0.176823		4.229291E-08	1.464718E-08	9.000225E-09	8.932353E-09
RN028	4000	2200.001005	3981.582562	22.146294	1.00089	0.179708		3.933725E-08	1.560368E-08	9.517982E-09	1.002283E-08
RN036	4000	2250.001096	3942.062907	22.298191	1.24803	0.195839		3.425489E-08	1.454202E-08	8.860620E-09	9.801349E-09
RN044	4000	2300.001057	3945.188269	21.912253	1.63392	0.196221		3.216987E-08	1.375935E-08	8.581698E-09	4.363069E-09
RN052	4000	2400.001105	3924.309088	21.887062	2.43351	0.197345		2.781684E-08	1.285488E-08	8.077610E-09	6.812724E-09
RN060	4000	2500.001096	3925.377543	21.787136	3.52144	0.216987		2.323651E-08	1.261899E-08	7.749995E-09	1.104867E-08
RN068	4000	2600.004334	3965.370255	22.246565	4.87549	0.216804		2.297202E-08	1.318611E-08	8.240559E-09	1.060217E-08
RN076	4000	2700.000113	3919.476459	22.411263	6.31709	0.223740		1.936693E-08	1.160027E-08	7.427254E-09	1.174582E-08
RN084	4000	2800.002586	3961.774006	22.291058	8.24985	0.222990		1.709002E-08	1.130330E-08	7.106997E-09	1.375373E-08
RN092	4000	2900.000972	3961.626638	21.486836	10.35154	0.246346		1.505792E-08	1.126545E-08	7.607713E-09	1.316896E-08
RN100	4000	3000.007665	3961.684721	21.730842	12.75351	0.269679		1.348440E-08	9.979408E-09	6.592641E-09	7.524921E-09
RN108	4000	3100.000681	3954.751869	20.984283	15.48696	0.256825		1.151600E-08	9.293357E-09	6.197843E-09	8.873110E-09
RN116	4000	3200.001704	3928.415620	20.999155	18.47838	0.261975		9.796846E-09	9.110857E-09	5.869106E-09	8.043754E-09
RN124	4000	3300.002355	3912.413759	21.596885	21.95019	0.259200		9.017906E-09	8.001595E-09	5.842632E-09	8.847767E-09
RN132	4000	3400.000875	3967.539859	21.781168	26.08351	0.284923		7.985495E-09	7.953092E-09	5.596312E-09	1.005395E-08
RN140	4000	3500.001321	3918.857638	21.164588	30.22658	0.293652		6.586535E-09	6.388151E-09	4.575523E-09	5.761902E-09
RN148	4000	3600.002031	3928.150969	22.177706	35.15828	0.283515		5.633893E-09	6.239688E-09	4.255564E-09	1.197535E-08
RN001	4242	1800.000137	4267.039454	24.557230	0.01614	0.163547		7.125038E-08	2.226903E-08	1.558859E-08	1.161770E-08
RN007	4242	1900.003355	4255.057996	24.981945	0.13259	0.170002		6.340793E-08	2.223759E-08	1.523196E-08	1.443160E-08
RN021	4242	2100.000401	4247.805862	25.406789	0.81203	0.181947		4.897195E-08	1.932959E-08	1.238839E-08	9.605145E-09
RN029	4242	2200.001005	4231.370543	23.669981	1.33701	0.198131		4.125200E-08	1.878057E-08	1.139800E-08	6.773703E-09
RN037	4242	2250.001096	4209.510405	24.314485	1.65592	0.206006		3.960710E-08	1.778047E-08	1.157657E-08	1.438152E-08
RN045	4242	2300.001057	4253.007223	24.758874	2.09575	0.200751		3.515007E-08	1.848436E-08	1.148556E-08	8.416286E-09
RN053	4242	2400.001105	4262.077581	24.583461	3.02514	0.219130		3.082266E-08	1.843573E-08	1.111887E-08	1.120122E-08
RN061	4242	2500.001096	4239.686033	24.169505	4.08801	0.215484		2.983137E-08	1.613848E-08	1.018918E-08	1.273229E-08
RN069	4242	2600.004334	4253.748506	23.973337	5.50028	0.206539		2.613132E-08	1.585628E-08	9.916953E-09	7.826127E-09
RN077	4242	2700.000113	4201.854039	23.595412	6.98445	0.239918		2.407400E-08	1.454078E-08	9.523415E-09	9.218133E-09
RN085	4242	2800.002586	4233.299268	23.004471	8.93306	0.241735		1.909137E-08	1.367939E-08	9.251994E-09	1.601548E-08
RN093	4242	2900.000972	4250.682768	21.805141	11.18028	0.255328		1.768053E-08	1.282181E-08	9.191250E-09	1.084403E-08
RN101	4242	3000.007665	4221.762375	23.539077	13.60750	0.266875		1.549141E-08	1.230940E-08	8.349683E-09	1.449779E-08
RN109	4242	3100.000681	4246.866648	21.764139	16.52832	0.261394		1.460515E-08	1.187806E-08	7.926889E-09	1.245695E-08
RN117	4242	3200.001704	4232.902519	23.323913	19.72816	0.268672		1.212388E-08	1.112246E-08	7.354844E-09	1.873825E-08
RN125	4242	3300.002355	4244.559082	21.528964	23.41921	0.281217		1.105552E-08	1.019016E-08	7.281250E-09	6.331271E-09
RN133	4242	3400.000875	4228.204086	22.461084	27.37954	0.289525		9.045599E-09	8.734687E-09	6.293408E-09	1.366980E-08
RN141	4242	3500.001321	4256.824224	22.900107	32.07543	0.280140		7.960464E-09	8.403283E-09	5.874094E-09	1.945082E-08
RN149	4242	3600.002031	4270.991621	24.005753	37.22186	0.321532		7.192458E-09	7.857865E-09	5.672202E-09	5.588914E-09
RN002	4534	1800.000137	4546.640105	26.689354	0.19863	0.170359		7.723486E-08	2.796167E-08	2.003228E-08	1.226525E-08
RN008	4534	1900.003355	4555.193845	25.970963	0.39407	0.170510		6.661673E-08	2.747968E-08	1.810358E-08	1.323437E-08
RN014	4534	2000.004505	4510.889061	24.702082	0.68623	0.177415		6.096253E-08	2.516930E-08	1.732101E-08	2.092947E-08
RN022	4534	2100.000401	4537.119625	25.915714	1.15627	0.196899		5.391512E-08	2.275174E-08	1.692506E-08	1.165374E-08
RN030	4534	2200.001005	4533.873550	26.626585	1.75260	0.200974		4.453309E-08	2.186026E-08	1.454937E-08	1.102514E-08
RN038	4534	2250.001096	4524.518120	24.726484	2.10806	0.205504		4.234319E-08	2.195926E-08	1.486389E-08	1.815285E-08
RN046	4534	2300.001057	4542.185454	24.617035	2.55335	0.199589		3.982598E-08	2.224355E-08	1.457842E-08	9.945031E-09
RN054	4534	2400.001105	4566.018188	26.957123	3.56310	0.210391		3.536282E-08	1.945941E-08	1.342561E-08	6.701288E-09
RN062	4534	2500.001096	4547.858376	24.078344	4.70143	0.224651		3.300784E-08	1.905341E-08	1.289202E-08	9.092361E-09
RN070	4534	2600.004334	4538.407933	23.882492	6.12063	0.228440		2.897630E-08	1.925230E-08	1.201988E-08	1.865458E-08
RN078	4534	2700.000113	4566.347596	24.630082	7.85913	0.245465		2.346149E-08	1.713286E-08	1.220488E-08	2.060821E-08
RN086	4534	2800.002586	4510.187106	22.765910	9.67244	0.246975		2.289178E-08	1.702782E-08	1.063507E-08	7.509923E-09
RN094	4534	2900.000972	4505.383371	23.863006	11.94844	0.269046		1.880777E-08	1.502408E-08	1.051586E-08	1.462757E-08
RN102	4534	3000.007665	4519.233393	23.803681	14.55994	0.267180		1.811284E-08	1.447817E-08	1.012081E-08	1.791869E-08
RN110	4534	3100.000681	4523.718643	24.067590	17.53497	0.271967		1.588746E-08	1.349205E-08	9.680937E-09	8.358099E-09
RN118	4534	3200.001704	4525.997942	24.896416	20.88228	0.276063		1.432474E-08	1.348348E-08	8.928152E-09	2.408796E-08
RN126	4534	3300.002355	4527.584095	23.828838	24.67260	0.278993		1.274698E-08	1.168234E-08	8.200850E-09	1.576265E-08
RN134	4534	3400.000875	4543.895685	23.180539	28.95952	0.298139		1.075438E-08	1.094499E-08	7.958048E-09	2.322994E-08
RN142	4534	3500.001321	4537.725662	24.275454	33.60705	0.325001		9.051945E-09	1.001723E-08	7.099087E-09	1.694774E-08
RN150	4534	3600.002031	4526.108810	23.443184	38.76810	0.311677		8.534073E-09	9.469842E-09	6.449595E-09	1.418683E-08
RN003	4824	1800.000137	4803.169181	27.493646	0.37118	0.176210		8.245285E-08	3.403728E-08	2.425167E-08	2.040679E-08
RN009	4824	1900.003355	4844.862786	26.675170	0.66736	0.170957		7.551114E-08	3.391919E-08	2.399285E-08	2.933709E-08
RN015	4824	2000.004505	4809.571664	27.770973	1.00256	0.190745		6.375432E-08	3.016391E-08	2.067021E-08	1.677109E-08
RN023	4824	2100.000401	4850.477873	27.966170	1.56840	0.196576		5.590963E-08	2.926259E-08	2.025946E-08	2.520214E-08
RN031	4824	2200.001005	4821.639783	26.385524	2.17347	0.201180		4.963689E-08	2.541712E-08	1.788879E-08	7.666291E-09
RN039	4824	2250.001096	4830.148968	27.407414	2.58869	0.214685		4.770060E-08	2.599158E-08	1.770125E-08	1.994321E-08
RN047	4824	2300.001057	4797.676407	24.559025	2.93922	0.212836		4.376080E-08	2.362069E-08	1.558098E-08	8.735315E-09
RN055	4824	2400.001105	4814.513620	26.515821	4.01905	0.237142		4.011897E-08	2.337314E-08	1.661082E-08	1.357623E-08
RN063	4824	2500.001096	4823.579554	26.338050	5.27507	0.224334		3.549186E-08	2.185933E-08	1.485131E-08	9.947211E-09
RN071	4824	2600.004334	4828.847358	26.695349	6.78466	0.239341		3.159261E-08	2.235274E-08	1.480146E-08	2.211392E-08
RN079	4824	2700.000113	4803.412644	25.058151	8.48064	0.243447		2.875892E-08	2.058089E-08	1.419141E-08	1.816824E-08
RN087	4824	2800.002586	4831.122104	26.065891	10.56455	0.264518		2.579114E-08	1.854811E-08	1.341374E-08	1.259873E-08
RN095	4824	2900.000972	4834.197719	25.340250	12.94242	0.269453		2.340111E-08	1.795925E-08	1.269627E-08	1.751288E-08
RN103	4824	3000.007665	4820.447660	26.739771	15.61511	0.272735		2.007252E-08	1.625765E-08	1.162019E-08	2.176152E-08
RN111	4824	3100.000681	4825.699471	26.537098	18.65863	0.278127		1.767901E-08	1.554663E-08	1.140147E-08	1.552000E-08
RN119	4824	3200.001704	4854.602069	25.609513	22.25398	0.282609		1.690821E-08	1.484915E-08	1.093595E-08	1.498341E-08
RN127	4824	3300.002355	4845.560333	27.607730	26.10807	0.283301		1.467720E-08	1.371530E-08	9.981361E-09	2.881064E-08
RN135	4824	3400.000875	4820.501310	26.132290	30.30700	0.281037		1.279633E-08	1.319472E-08	9.345366E-09	1.087837E-08
RN143	4824	3500.001321	4816.313788	25.298135	35.10984	0.307112		1.077668E-08	1.192531E-08	8.387252E-09	2.413706E-08
RN151	4824	3600.002031	4809.572330	26.267996	40.46047	0.329487		9.648865E-09	1.014353E-08	7.807009E-09	1.169031E-08
RN004	5000	1800.000137	5106.394079	27.503472	0.61641	0.167280		9.053274E-08	3.920976E-08	2.896577E-08	1.093836E-08
RN010	5000	1900.003355	5097.608227	26.409562	0.91056	0.174188		7.821481E-08	3.774452E-08	2.681258E-08	3.249009E-08
RN016	5000	2000.004505	5119.254308	28.184947	1.35058	0.189612		6.895048E-08	3.544785E-08	2.385458E-08	3.477097E-08
RN024	5000	2100.000401	5129.480347	27.340977	1.92449	0.199854		5.617633E-08	3.086485E-08	2.267275E-08	2.485802E-08
RN032	5000	2200.001005	5172.065585	27.821833	2.70480	0.210639		5.875229E-08	3.126084E-08	2.254016E-08	8.965789E-09
RN040	5000	2250.001096	5111.185704	26.971745	3.02639	0.217003		5.530128E-08	3.126967E-08	2.082066E-08	2.161550E-08
RN048	5000	2300.001057	5134.340178	27.742122	3.52258	0.215360		4.408595E-08	2.878777E-08	1.957095E-08	2.937321E-08
RN056	5000	2400.001105	5156.286222	28.190711	4.67681	0.212739		4.401430E-08	2.818842E-08	1.979697E-08	2.840014E-08
RN064	5000	2500.001096	5119.207614	28.558143	5.89129	0.240358		4.033869E-08	2.556022E-08	1.794615E-08	2.436234E-08
RN072	5000	2600.004334	5136.096800	28.804918	7.49215	0.258600		3.455456E-08	2.490922E-08	1.779274E-08	1.500609E-08
RN080	5000	2700.000113	5137.554952	27.469896	9.33541	0.242926		3.354330E-08	2.499418E-08	1.603139E-08	2.121142E-08
RN088	5000	2800.002586	5141.929702	28.172644	11.43847	0.269445		2.888142E-08	2.307281E-08	1.539770E-08	1.018343E-08
RN096	5000	2900.000972	5157.876941	28.242668	13.95767	0.267546		2.495969E-08	2.049238E-08	1.444936E-08	1.936994E-08
RN104	5000	3000.007665	5135.686105	27.487164	16.66231	0.275857		2.242990E-08	1.928341E-08	1.363742E-08	1.792242E-08
RN112	5000	3100.000681	5143.183268	25.990716	19.85943	0.281631		2.081615E-08	1.727259E-08	1.285863E-08	1.426080E-08
RN120	5000	3200.001704	5147.011534	27.250117	23.42274	0.290650		1.837911E-08	1.594417E-08	1.234579E-08	1.331639E-08
RN128	5000	3300.002355	5148.679015	27.005180	27.44506	0.301943		1.717138E-08	1.668043E-08	1.142340E-08	1.230111E-08
RN136	5000	3400.000875	5090.925418	27.490788	31.66042	0.302064		1.402030E-08	1.392621E-08	1.009568E-08	2.315036E-08
RN144	5000	3500.001321	5136.886157	27.395845	36.83456	0.310621		1.292411E-08	1.374261E-08	1.005423E-08	1.709401E-08
RN152	5000	3600.002031	5116.854341	27.636950	42.21369	0.323890		1.012499E-08	1.246878E-08	8.889271E-09	2.704945E-08