ρ (kg/m^3)	T (K)	P (GPa)	Thermal P Coeff (GPa/K)	α (1/K)	β (1/GPa)
2316.10000	2500	0.0001	9.08641E-04	7.9818E-05	0.0878441
2296.98000	2600	0.0001	9.34026E-04	8.5941E-05	0.0920107
2276.63000	2700	0.0001	9.52550E-04	9.2107E-05	0.0966950
2255.06000	2800	0.0001	9.64431E-04	9.8264E-05	0.1018882
2232.33000	2900	0.0001	9.69945E-04	1.0432E-04	0.1075571
2208.51000	3000	0.0001	9.69483E-04	1.1016E-04	0.1136308
2183.71000	3100	0.0001	9.63607E-04	1.1563E-04	0.1199999
2158.06000	3200	0.0001	9.53101E-04	1.2059E-04	0.1265277
2131.71000	3300	0.0001	9.39009E-04	1.2497E-04	0.1330833
2104.83000	3400	0.0001	9.22639E-04	1.2880E-04	0.1396040
2077.52000	3500	0.0001	9.05551E-04	1.3238E-04	0.1461819
2049.81000	3600	0.0001	8.89561E-04	1.3626E-04	0.1531795
2021.57000	3700	0.0001	8.76779E-04	1.4154E-04	0.1614327
1992.38000	3800	0.0001	8.70100E-04	1.5009E-04	0.1724997
1961.32000	3900	0.0001	8.74053E-04	1.6597E-04	0.1898870
1926.18000	4000	0.0001	8.98517E-04	2.0070E-04	0.2233669
1879.75000	4100	0.0001	9.78452E-04	3.1623E-04	0.3231968
1785.75000	4200	0.0001	1.44135E-03	2.7596E-03	1.9145645
2472.56000	2500	1	1.14978E-03	5.8377E-05	0.0507725
2457.75000	2600	1	1.18689E-03	6.1747E-05	0.0520248
2442.21000	2700	1	1.21863E-03	6.5107E-05	0.0534265
2425.96000	2800	1	1.24520E-03	6.8461E-05	0.0549798
2409.00000	2900	1	1.26677E-03	7.1805E-05	0.0566839
2391.37000	3000	1	1.28343E-03	7.5128E-05	0.0585367
2373.08000	3100	1	1.29530E-03	7.8409E-05	0.0605331
2354.17000	3200	1	1.30247E-03	8.1617E-05	0.0626629
2334.67000	3300	1	1.30499E-03	8.4716E-05	0.0649165
2314.63000	3400	1	1.30305E-03	8.7654E-05	0.0672685
2294.11000	3500	1	1.29678E-03	9.0381E-05	0.0696966
2273.18000	3600	1	1.28638E-03	9.2844E-05	0.0721745
2251.93000	3700	1	1.27215E-03	9.4997E-05	0.0746737
2230.43000	3800	1	1.25443E-03	9.6807E-05	0.0771718
2208.77000	3900	1	1.23364E-03	9.8267E-05	0.0796559
2187.05000	4000	1	1.21027E-03	9.9403E-05	0.0821328
2165.31000	4100	1	1.18487E-03	1.0028E-04	0.0846353
2143.63000	4200	1	1.15800E-03	1.0102E-04	0.0872357
2122.00000	4300	1	1.13026E-03	1.0179E-04	0.0900544
2100.41000	4400	1	1.10224E-03	1.0283E-04	0.0932871
2078.77000	4500	1	1.07454E-03	1.0449E-04	0.0972413
2056.89000	4600	1	1.04776E-03	1.0731E-04	0.1024222
2034.49000	4700	1	1.02262E-03	1.1223E-04	0.1097433
2010.98000	4800	1	1.00006E-03	1.2114E-04	0.1211312
1985.21000	4900	1	9.81867E-04	1.3906E-04	0.1416244
1954.02000	5000	1	9.72754E-04	1.8749E-04	0.1927384
1916.79000	5100	1	1.01066E-03	3.0387E-04	0.3006669
1886.32000	5200	1	1.07671E-03	8.5673E-04	0.7956969
2581.80000	2500	2	1.34547E-03	5.0253E-05	0.0373497
2568.56000	2600	2	1.38530E-03	5.2567E-05	0.0379462
2554.80000	2700	2	1.42069E-03	5.4866E-05	0.0386191
2540.53000	2800	2	1.45188E-03	5.7158E-05	0.0393682
2525.76000	2900	2	1.47904E-03	5.9447E-05	0.0401931
2510.51000	3000	2	1.50234E-03	6.1735E-05	0.0410927
2494.77000	3100	2	1.52187E-03	6.4019E-05	0.0420659
2478.57000	3200	2	1.53773E-03	6.6292E-05	0.0431103
2461.91000	3300	2	1.54998E-03	6.8543E-05	0.0442218
2444.82000	3400	2	1.55867E-03	7.0757E-05	0.0453955
2427.32000	3500	2	1.56383E-03	7.2912E-05	0.0466242
2409.44000	3600	2	1.56551E-03	7.4986E-05	0.0478985
2391.20000	3700	2	1.56376E-03	7.6948E-05	0.0492070
2372.65000	3800	2	1.55862E-03	7.8767E-05	0.0505364
2353.84000	3900	2	1.55019E-03	8.0410E-05	0.0518710
2334.82000	4000	2	1.53858E-03	8.1844E-05	0.0531943
2315.64000	4100	2	1.52393E-03	8.3040E-05	0.0544903
2296.38000	4200	2	1.50642E-03	8.3978E-05	0.0557466
2277.10000	4300	2	1.48631E-03	8.4642E-05	0.0569476
2257.85000	4400	2	1.46386E-03	8.5032E-05	0.0580879
2238.72000	4500	2	1.43935E-03	8.5162E-05	0.0591674
2219.74000	4600	2	1.41311E-03	8.5060E-05	0.0601935
2200.97000	4700	2	1.38548E-03	8.4768E-05	0.0611834
2182.43000	4800	2	1.35679E-03	8.4344E-05	0.0621647
2164.16000	4900	2	1.32736E-03	8.3856E-05	0.0631748
2146.14000	5000	2	1.29752E-03	8.3385E-05	0.0642649
2128.36000	5100	2	1.26756E-03	8.3028E-05	0.0655025
2110.78000	5200	2	1.23772E-03	8.2897E-05	0.0669756
2093.33000	5300	2	1.20826E-03	8.3135E-05	0.0688056
2075.93000	5400	2	1.17939E-03	8.3934E-05	0.0711673
2058.43000	5500	2	1.15132E-03	8.5577E-05	0.0743290
2669.65000	2500	3	1.52539E-03	4.6044E-05	0.0301848
2657.16000	2600	3	1.56410E-03	4.7743E-05	0.0305242
2644.28000	2700	3	1.59904E-03	4.9432E-05	0.0309133
2631.02000	2800	3	1.63048E-03	5.1118E-05	0.0313515
2617.39000	2900	3	1.65860E-03	5.2807E-05	0.0318382
2603.38000	3000	3	1.68357E-03	5.4502E-05	0.0323728
2589.01000	3100	3	1.70548E-03	5.6205E-05	0.0329556
2574.28000	3200	3	1.72449E-03	5.7916E-05	0.0335843
2559.19000	3300	3	1.74065E-03	5.9631E-05	0.0342582
2543.76000	3400	3	1.75400E-03	6.1347E-05	0.0349754
2527.99000	3500	3	1.76459E-03	6.3055E-05	0.0357336
2511.88000	3600	3	1.77244E-03	6.4746E-05	0.0365290
2495.46000	3700	3	1.77756E-03	6.6406E-05	0.0373578
2478.75000	3800	3	1.77996E-03	6.8020E-05	0.0382142
2461.75000	3900	3	1.77965E-03	6.9570E-05	0.0390917
2444.50000	4000	3	1.77664E-03	7.1034E-05	0.0399822
2427.03000	4100	3	1.77096E-03	7.2391E-05	0.0408767
2409.38000	4200	3	1.76262E-03	7.3617E-05	0.0417653
2391.57000	4300	3	1.75169E-03	7.4688E-05	0.0426374
2373.67000	4400	3	1.73824E-03	7.5582E-05	0.0434817
2355.71000	4500	3	1.72238E-03	7.6280E-05	0.0442878
2337.75000	4600	3	1.70422E-03	7.6769E-05	0.0450465
2319.83000	4700	3	1.68392E-03	7.7040E-05	0.0457503
2302.02000	4800	3	1.66167E-03	7.7091E-05	0.0463938
2284.36000	4900	3	1.63767E-03	7.6931E-05	0.0469755
2266.89000	5000	3	1.61213E-03	7.6572E-05	0.0474971
2249.65000	5100	3	1.58530E-03	7.6037E-05	0.0479642
2232.68000	5200	3	1.55738E-03	7.5358E-05	0.0483875
2216.01000	5300	3	1.52865E-03	7.4563E-05	0.0487769
2199.64000	5400	3	1.49931E-03	7.3692E-05	0.0491502
2183.59000	5500	3	1.46959E-03	7.2784E-05	0.0495270
2744.80000	2500	4	1.70028E-03	4.3578E-05	0.0256302
2732.69000	2600	4	1.73574E-03	4.4850E-05	0.0258393
2720.28000	2700	4	1.76803E-03	4.6119E-05	0.0260849
2707.60000	2800	4	1.79739E-03	4.7390E-05	0.0263662
2694.62000	2900	4	1.82401E-03	4.8669E-05	0.0266826
2681.37000	3000	4	1.84804E-03	4.9960E-05	0.0270338
2667.83000	3100	4	1.86962E-03	5.1264E-05	0.0274193
2654.02000	3200	4	1.88884E-03	5.2583E-05	0.0278387
2639.92000	3300	4	1.90578E-03	5.3917E-05	0.0282913
2625.55000	3400	4	1.92051E-03	5.5265E-05	0.0287762
2610.90000	3500	4	1.93307E-03	5.6625E-05	0.0292926
2595.98000	3600	4	1.94349E-03	5.7992E-05	0.0298390
2580.79000	3700	4	1.95174E-03	5.9361E-05	0.0304144
2565.34000	3800	4	1.95789E-03	6.0725E-05	0.0310153
2549.64000	3900	4	1.96191E-03	6.2073E-05	0.0316394
2533.70000	4000	4	1.96379E-03	6.3397E-05	0.0322828
2517.52000	4100	4	1.96352E-03	6.4681E-05	0.0329415
2501.13000	4200	4	1.96108E-03	6.5913E-05	0.0336104
2484.56000	4300	4	1.95648E-03	6.7075E-05	0.0342833
2467.81000	4400	4	1.94971E-03	6.8149E-05	0.0349537
2450.93000	4500	4	1.94077E-03	6.9119E-05	0.0356143
2433.94000	4600	4	1.92969E-03	6.9966E-05	0.0362575
2416.88000	4700	4	1.91651E-03	7.0672E-05	0.0368753
2399.80000	4800	4	1.90128E-03	7.1223E-05	0.0374605
2382.71000	4900	4	1.88408E-03	7.1606E-05	0.0380058
2365.69000	5000	4	1.86500E-03	7.1812E-05	0.0385051
2348.75000	5100	4	1.84417E-03	7.1838E-05	0.0389540
2331.95000	5200	4	1.82171E-03	7.1683E-05	0.0393493
2315.33000	5300	4	1.79779E-03	7.1355E-05	0.0396904
2298.92000	5400	4	1.77258E-03	7.0865E-05	0.0399784
2282.76000	5500	4	1.74624E-03	7.0227E-05	0.0402164
2811.32000	2500	5	1.87493E-03	4.2062E-05	0.0224338
2799.39000	2600	5	1.90582E-03	4.3008E-05	0.0225668
2787.24000	2700	5	1.93408E-03	4.3959E-05	0.0227284
2774.88000	2800	5	1.95995E-03	4.4918E-05	0.0229178
2762.31000	2900	5	1.98360E-03	4.5889E-05	0.0231344
2749.53000	3000	5	2.00512E-03	4.6876E-05	0.0233784
2736.54000	3100	5	2.02469E-03	4.7881E-05	0.0236486
2723.33000	3200	5	2.04238E-03	4.8905E-05	0.0239451
2709.90000	3300	5	2.05827E-03	4.9949E-05	0.0242674
2696.25000	3400	5	2.07241E-03	5.1013E-05	0.0246153
2682.39000	3500	5	2.08485E-03	5.2096E-05	0.0249881
2668.30000	3600	5	2.09563E-03	5.3198E-05	0.0253853
2654.00000	3700	5	2.10475E-03	5.4315E-05	0.0258061
2639.47000	3800	5	2.11223E-03	5.5445E-05	0.0262494
2624.73000	3900	5	2.11806E-03	5.6582E-05	0.0267140
2609.77000	4000	5	2.12225E-03	5.7721E-05	0.0271981
2594.61000	4100	5	2.12477E-03	5.8855E-05	0.0276997
2579.23000	4200	5	2.12557E-03	5.9977E-05	0.0282169
2563.67000	4300	5	2.12468E-03	6.1075E-05	0.0287455
2547.92000	4400	5	2.12205E-03	6.2139E-05	0.0292826
2532.01000	4500	5	2.11766E-03	6.3157E-05	0.0298239
2515.95000	4600	5	2.11149E-03	6.4115E-05	0.0303648
2499.76000	4700	5	2.10353E-03	6.4999E-05	0.0309000
2483.46000	4800	5	2.09377E-03	6.5795E-05	0.0314239
2467.09000	4900	5	2.08222E-03	6.6487E-05	0.0319308
2450.66000	5000	5	2.06889E-03	6.7063E-05	0.0324148
2434.23000	5100	5	2.05380E-03	6.7509E-05	0.0328701
2417.81000	5200	5	2.03702E-03	6.7815E-05	0.0332913
2401.45000	5300	5	2.01860E-03	6.7974E-05	0.0336735
2385.17000	5400	5	1.99863E-03	6.7980E-05	0.0340133
2369.03000	5500	5	1.97720E-03	6.7833E-05	0.0343077
2871.52000	2500	6	2.05177E-03	4.1125E-05	0.0200435
2859.63000	2600	6	2.07714E-03	4.1808E-05	0.0201277
2847.60000	2700	6	2.10044E-03	4.2504E-05	0.0202355
2835.43000	2800	6	2.12186E-03	4.3214E-05	0.0203659
2823.10000	2900	6	2.14150E-03	4.3941E-05	0.0205188
2810.62000	3000	6	2.15952E-03	4.4688E-05	0.0206935
2797.98000	3100	6	2.17603E-03	4.5456E-05	0.0208894
2785.18000	3200	6	2.19103E-03	4.6246E-05	0.0211069
2772.22000	3300	6	2.20468E-03	4.7059E-05	0.0213450
2759.09000	3400	6	2.21700E-03	4.7895E-05	0.0216037
2745.78000	3500	6	2.22799E-03	4.8755E-05	0.0218831
2732.31000	3600	6	2.23772E-03	4.9638E-05	0.0221824
2718.66000	3700	6	2.24620E-03	5.0543E-05	0.0225014
2704.83000	3800	6	2.25344E-03	5.1468E-05	0.0228397
2690.82000	3900	6	2.25944E-03	5.2411E-05	0.0231965
2676.62000	4000	6	2.26418E-03	5.3369E-05	0.0235712
2662.25000	4100	6	2.26766E-03	5.4339E-05	0.0239627
2647.69000	4200	6	2.26986E-03	5.5316E-05	0.0243697
2632.95000	4300	6	2.27075E-03	5.6294E-05	0.0247907
2618.05000	4400	6	2.27030E-03	5.7266E-05	0.0252239
2602.97000	4500	6	2.26850E-03	5.8225E-05	0.0256670
2587.74000	4600	6	2.26530E-03	5.9163E-05	0.0261172
2572.36000	4700	6	2.26064E-03	6.0070E-05	0.0265722
2556.84000	4800	6	2.25455E-03	6.0935E-05	0.0270275
2541.20000	4900	6	2.24697E-03	6.1746E-05	0.0274799
2525.46000	5000	6	2.23788E-03	6.2493E-05	0.0279248
2509.64000	5100	6	2.22728E-03	6.3161E-05	0.0283580
2493.77000	5200	6	2.21515E-03	6.3740E-05	0.0287747
2477.86000	5300	6	2.20149E-03	6.4218E-05	0.0291704
2461.95000	5400	6	2.18633E-03	6.4585E-05	0.0295404
2446.07000	5500	6	2.16969E-03	6.4832E-05	0.0298806
2926.81000	2500	7	2.23207E-03	4.0568E-05	0.0181750
2914.90000	2600	7	2.25124E-03	4.1032E-05	0.0182263
2902.89000	2700	7	2.26887E-03	4.1514E-05	0.0182974
2890.79000	2800	7	2.28512E-03	4.2018E-05	0.0183877
2878.60000	2900	7	2.30008E-03	4.2544E-05	0.0184968
2866.30000	3000	7	2.31384E-03	4.3093E-05	0.0186242
2853.89000	3100	7	2.32649E-03	4.3667E-05	0.0187694
2841.37000	3200	7	2.33810E-03	4.4265E-05	0.0189322
2828.73000	3300	7	2.34867E-03	4.4889E-05	0.0191125
2815.97000	3400	7	2.35827E-03	4.5538E-05	0.0193100
2803.09000	3500	7	2.36694E-03	4.6213E-05	0.0195245
2790.06000	3600	7	2.37469E-03	4.6914E-05	0.0197557
2776.91000	3700	7	2.38153E-03	4.7639E-05	0.0200035
2763.61000	3800	7	2.38748E-03	4.8389E-05	0.0202677
2750.16000	3900	7	2.39250E-03	4.9161E-05	0.0205480
2736.56000	4000	7	2.39663E-03	4.9955E-05	0.0208440
2722.82000	4100	7	2.39983E-03	5.0769E-05	0.0211552
2708.92000	4200	7	2.40209E-03	5.1599E-05	0.0214809
2694.86000	4300	7	2.40339E-03	5.2443E-05	0.0218204
2680.65000	4400	7	2.40370E-03	5.3297E-05	0.0221728
2666.29000	4500	7	2.40299E-03	5.4156E-05	0.0225368
2651.77000	4600	7	2.40123E-03	5.5015E-05	0.0229110
2637.11000	4700	7	2.39838E-03	5.5867E-05	0.0232937
2622.31000	4800	7	2.39442E-03	5.6707E-05	0.0236829
2607.37000	4900	7	2.38929E-03	5.7525E-05	0.0240761
2592.32000	5000	7	2.38298E-03	5.8314E-05	0.0244709
2577.15000	5100	7	2.37542E-03	5.9063E-05	0.0248644
2561.88000	5200	7	2.36661E-03	5.9764E-05	0.0252530
2546.53000	5300	7	2.35652E-03	6.0405E-05	0.0256333
2531.12000	5400	7	2.34512E-03	6.0977E-05	0.0260016
2515.67000	5500	7	2.33241E-03	6.1469E-05	0.0263541
2978.17000	2500	8	2.41655E-03	4.0275E-05	0.0166663
2966.16000	2600	8	2.42895E-03	4.0549E-05	0.0166941
2954.11000	2700	8	2.44038E-03	4.0850E-05	0.0167392
2942.02000	2800	8	2.45092E-03	4.1178E-05	0.0168009
2929.88000	2900	8	2.46064E-03	4.1533E-05	0.0168788
2917.68000	3000	8	2.46961E-03	4.1915E-05	0.0169723
2905.42000	3100	8	2.47786E-03	4.2325E-05	0.0170811
2893.09000	3200	8	2.48544E-03	4.2762E-05	0.0172049
2880.68000	3300	8	2.49237E-03	4.3226E-05	0.0173434
2868.18000	3400	8	2.49867E-03	4.3718E-05	0.0174966
2855.60000	3500	8	2.50436E-03	4.4237E-05	0.0176641
2842.92000	3600	8	2.50945E-03	4.4784E-05	0.0178460
2830.13000	3700	8	2.51395E-03	4.5357E-05	0.0180420
2817.24000	3800	8	2.51784E-03	4.5956E-05	0.0182520
2804.24000	3900	8	2.52113E-03	4.6580E-05	0.0184760
2791.11000	4000	8	2.52380E-03	4.7229E-05	0.0187135
2777.87000	4100	8	2.52585E-03	4.7902E-05	0.0189645
2764.50000	4200	8	2.52726E-03	4.8596E-05	0.0192286
2751.00000	4300	8	2.52798E-03	4.9310E-05	0.0195056
2737.37000	4400	8	2.52802E-03	5.0042E-05	0.0197947
2723.60000	4500	8	2.52734E-03	5.0788E-05	0.0200955
2709.70000	4600	8	2.52591E-03	5.1547E-05	0.0204072
2695.67000	4700	8	2.52369E-03	5.2313E-05	0.0207287
2681.50000	4800	8	2.52065E-03	5.3083E-05	0.0210591
2667.20000	4900	8	2.51675E-03	5.3851E-05	0.0213969
2652.78000	5000	8	2.51195E-03	5.4611E-05	0.0217405
2638.23000	5100	8	2.50622E-03	5.5358E-05	0.0220882
2623.57000	5200	8	2.49951E-03	5.6083E-05	0.0224378
2608.81000	5300	8	2.49178E-03	5.6780E-05	0.0227869
2593.95000	5400	8	2.48301E-03	5.7439E-05	0.0231329
2579.01000	5500	8	2.47316E-03	5.8053E-05	0.0234731
3026.28000	2500	9	2.60550E-03	4.0170E-05	0.0154174
3014.13000	2600	9	2.61070E-03	4.0278E-05	0.0154281
3001.99000	2700	9	2.61549E-03	4.0420E-05	0.0154541
2989.86000	2800	9	2.61990E-03	4.0595E-05	0.0154948
2977.71000	2900	9	2.62399E-03	4.0802E-05	0.0155495
2965.56000	3000	9	2.62772E-03	4.1040E-05	0.0156179
2953.37000	3100	9	2.63115E-03	4.1308E-05	0.0156996
2941.15000	3200	9	2.63427E-03	4.1607E-05	0.0157944
2928.89000	3300	9	2.63710E-03	4.1935E-05	0.0159019
2916.59000	3400	9	2.63963E-03	4.2292E-05	0.0160220
2904.22000	3500	9	2.64187E-03	4.2678E-05	0.0161546
2891.79000	3600	9	2.64380E-03	4.3093E-05	0.0162995
2879.30000	3700	9	2.64543E-03	4.3535E-05	0.0164565
2866.72000	3800	9	2.64674E-03	4.4004E-05	0.0166257
2854.07000	3900	9	2.64771E-03	4.4500E-05	0.0168069
2841.32000	4000	9	2.64837E-03	4.5022E-05	0.0169999
2828.48000	4100	9	2.64861E-03	4.5569E-05	0.0172050
2815.54000	4200	9	2.64848E-03	4.6141E-05	0.0174216
2802.50000	4300	9	2.64795E-03	4.6735E-05	0.0176497
2789.34000	4400	9	2.64697E-03	4.7352E-05	0.0178890
2776.08000	4500	9	2.64554E-03	4.7988E-05	0.0181391
2762.70000	4600	9	2.64362E-03	4.8642E-05	0.0183997
2749.20000	4700	9	2.64116E-03	4.9312E-05	0.0186706
2735.58000	4800	9	2.63814E-03	4.9995E-05	0.0189507
2721.85000	4900	9	2.63453E-03	5.0687E-05	0.0192395
2707.99000	5000	9	2.63028E-03	5.1385E-05	0.0195359
2694.02000	5100	9	2.62535E-03	5.2085E-05	0.0198390
2679.93000	5200	9	2.61972E-03	5.2781E-05	0.0201475
2665.73000	5300	9	2.61332E-03	5.3468E-05	0.0204598
2651.43000	5400	9	2.60614E-03	5.4141E-05	0.0207743
2637.02000	5500	9	2.59812E-03	5.4792E-05	0.0210890
3071.63000	2500	10	2.79913E-03	4.0204E-05	0.0143630
3059.31000	2600	10	2.79675E-03	4.0164E-05	0.0143610
3047.05000	2700	10	2.79453E-03	4.0165E-05	0.0143727
3034.83000	2800	10	2.79246E-03	4.0204E-05	0.0143974
3022.65000	2900	10	2.79052E-03	4.0280E-05	0.0144347
3010.48000	3000	10	2.78868E-03	4.0392E-05	0.0144841
2998.32000	3100	10	2.78694E-03	4.0537E-05	0.0145452
2986.17000	3200	10	2.78527E-03	4.0715E-05	0.0146178
2974.00000	3300	10	2.78367E-03	4.0924E-05	0.0147016
2961.82000	3400	10	2.78207E-03	4.1165E-05	0.0147964
2949.62000	3500	10	2.78048E-03	4.1435E-05	0.0149022
2937.38000	3600	10	2.77888E-03	4.1735E-05	0.0150186
2925.10000	3700	10	2.77725E-03	4.2063E-05	0.0151457
2912.77000	3800	10	2.77557E-03	4.2420E-05	0.0152833
2900.38000	3900	10	2.77381E-03	4.2804E-05	0.0154315
2887.94000	4000	10	2.77194E-03	4.3215E-05	0.0155901
2875.42000	4100	10	2.76995E-03	4.3652E-05	0.0157591
2862.83000	4200	10	2.76781E-03	4.4114E-05	0.0159383
2850.16000	4300	10	2.76549E-03	4.4601E-05	0.0161278
2837.40000	4400	10	2.76298E-03	4.5112E-05	0.0163273
2824.56000	4500	10	2.76020E-03	4.5645E-05	0.0165369
2811.62000	4600	10	2.75716E-03	4.6200E-05	0.0167562
2798.58000	4700	10	2.75384E-03	4.6774E-05	0.0169849
2785.44000	4800	10	2.75016E-03	4.7366E-05	0.0172229
2772.19000	4900	10	2.74612E-03	4.7974E-05	0.0174696
2758.84000	5000	10	2.74170E-03	4.8595E-05	0.0177244
2745.38000	5100	10	2.73679E-03	4.9227E-05	0.0179872
2731.81000	5200	10	2.73143E-03	4.9867E-05	0.0182566
2718.13000	5300	10	2.72554E-03	5.0510E-05	0.0185320
2704.35000	5400	10	2.71909E-03	5.1153E-05	0.0188124
2690.47000	5500	10	2.71204E-03	5.1790E-05	0.0190965
3114.63000	2500	11	2.99747E-03	4.0342E-05	0.0134588
3102.11000	2600	11	2.98717E-03	4.0169E-05	0.0134471
3089.70000	2700	11	2.97762E-03	4.0042E-05	0.0134478
3077.37000	2800	11	2.96877E-03	3.9960E-05	0.0134603
3065.10000	2900	11	2.96052E-03	3.9920E-05	0.0134841
3052.89000	3000	11	2.95283E-03	3.9918E-05	0.0135187
3040.72000	3100	11	2.94564E-03	3.9954E-05	0.0135638
3028.59000	3200	11	2.93888E-03	4.0025E-05	0.0136192
3016.48000	3300	11	2.93253E-03	4.0130E-05	0.0136845
3004.37000	3400	11	2.92652E-03	4.0268E-05	0.0137596
2992.28000	3500	11	2.92083E-03	4.0437E-05	0.0138443
2980.17000	3600	11	2.91543E-03	4.0636E-05	0.0139383
2968.05000	3700	11	2.91023E-03	4.0865E-05	0.0140419
2955.91000	3800	11	2.90524E-03	4.1123E-05	0.0141548
2943.74000	3900	11	2.90041E-03	4.1409E-05	0.0142768
2931.53000	4000	11	2.89571E-03	4.1722E-05	0.0144081
2919.28000	4100	11	2.89112E-03	4.2062E-05	0.0145486
2906.97000	4200	11	2.88658E-03	4.2427E-05	0.0146981
2894.61000	4300	11	2.88208E-03	4.2818E-05	0.0148567
2882.18000	4400	11	2.87758E-03	4.3234E-05	0.0150244
2869.68000	4500	11	2.87305E-03	4.3673E-05	0.0152010
2857.11000	4600	11	2.86846E-03	4.4136E-05	0.0153865
2844.46000	4700	11	2.86376E-03	4.4619E-05	0.0155807
2831.73000	4800	11	2.85894E-03	4.5124E-05	0.0157834
2818.90000	4900	11	2.85394E-03	4.5648E-05	0.0159947
2805.99000	5000	11	2.84874E-03	4.6189E-05	0.0162139
2792.98000	5100	11	2.84330E-03	4.6747E-05	0.0164410
2779.88000	5200	11	2.83758E-03	4.7318E-05	0.0166753
2766.67000	5300	11	2.83156E-03	4.7900E-05	0.0169164
2753.37000	5400	11	2.82516E-03	4.8491E-05	0.0171638
2739.97000	5500	11	2.81838E-03	4.9087E-05	0.0174167
3155.56000	2500	12	3.20048E-03	4.0559E-05	0.0126729
3142.83000	2600	12	3.18197E-03	4.0264E-05	0.0126538
3130.25000	2700	12	3.16482E-03	4.0022E-05	0.0126460
3117.77000	2800	12	3.14891E-03	3.9831E-05	0.0126490
3105.40000	2900	12	3.13411E-03	3.9685E-05	0.0126622
3093.12000	3000	12	3.12031E-03	3.9582E-05	0.0126852
3080.91000	3100	12	3.10742E-03	3.9519E-05	0.0127177
3068.77000	3200	12	3.09535E-03	3.9495E-05	0.0127594
3056.67000	3300	12	3.08403E-03	3.9507E-05	0.0128101
3044.61000	3400	12	3.07338E-03	3.9553E-05	0.0128695
3032.58000	3500	12	3.06334E-03	3.9632E-05	0.0129374
3020.57000	3600	12	3.05385E-03	3.9742E-05	0.0130138
3008.57000	3700	12	3.04486E-03	3.9883E-05	0.0130986
2996.57000	3800	12	3.03631E-03	4.0054E-05	0.0131916
2984.56000	3900	12	3.02817E-03	4.0253E-05	0.0132928
2972.54000	4000	12	3.02039E-03	4.0479E-05	0.0134020
2960.49000	4100	12	3.01290E-03	4.0733E-05	0.0135195
2948.42000	4200	12	3.00569E-03	4.1013E-05	0.0136451
2936.31000	4300	12	2.99871E-03	4.1319E-05	0.0137788
2924.15000	4400	12	2.99193E-03	4.1649E-05	0.0139205
2911.95000	4500	12	2.98530E-03	4.2004E-05	0.0140702
2899.69000	4600	12	2.97880E-03	4.2382E-05	0.0142279
2887.37000	4700	12	2.97237E-03	4.2783E-05	0.0143936
2874.98000	4800	12	2.96600E-03	4.3206E-05	0.0145671
2862.52000	4900	12	2.95964E-03	4.3650E-05	0.0147484
2849.99000	5000	12	2.95325E-03	4.4114E-05	0.0149374
2837.38000	5100	12	2.94682E-03	4.4596E-05	0.0151337
2824.68000	5200	12	2.94026E-03	4.5096E-05	0.0153374
2811.90000	5300	12	2.93358E-03	4.5611E-05	0.0155480
2799.03000	5400	12	2.92673E-03	4.6140E-05	0.0157651
2786.07000	5500	12	2.91966E-03	4.6681E-05	0.0159885
3194.68000	2500	13	3.40808E-03	4.0837E-05	0.0119825
3181.73000	2600	13	3.38109E-03	4.0430E-05	0.0119576
3168.94000	2700	13	3.35611E-03	4.0083E-05	0.0119432
3156.32000	2800	13	3.33291E-03	3.9790E-05	0.0119386
3143.82000	2900	13	3.31133E-03	3.9549E-05	0.0119434
3131.44000	3000	13	3.29121E-03	3.9354E-05	0.0119572
3119.17000	3100	13	3.27241E-03	3.9202E-05	0.0119796
3106.98000	3200	13	3.25482E-03	3.9092E-05	0.0120104
3094.87000	3300	13	3.23832E-03	3.9019E-05	0.0120493
3082.83000	3400	13	3.22283E-03	3.8983E-05	0.0120960
3070.83000	3500	13	3.20824E-03	3.8982E-05	0.0121505
3058.88000	3600	13	3.19449E-03	3.9013E-05	0.0122125
3046.96000	3700	13	3.18149E-03	3.9075E-05	0.0122821
3035.07000	3800	13	3.16919E-03	3.9168E-05	0.0123590
3023.19000	3900	13	3.15752E-03	3.9290E-05	0.0124432
3011.31000	4000	13	3.14642E-03	3.9440E-05	0.0125348
2999.43000	4100	13	3.13584E-03	3.9617E-05	0.0126336
2987.54000	4200	13	3.12573E-03	3.9820E-05	0.0127395
2975.63000	4300	13	3.11606E-03	4.0050E-05	0.0128527
2963.70000	4400	13	3.10674E-03	4.0304E-05	0.0129731
2951.74000	4500	13	3.09775E-03	4.0583E-05	0.0131007
2939.74000	4600	13	3.08907E-03	4.0885E-05	0.0132355
2927.70000	4700	13	3.08063E-03	4.1211E-05	0.0133775
2915.61000	4800	13	3.07241E-03	4.1559E-05	0.0135266
2903.47000	4900	13	3.06437E-03	4.1929E-05	0.0136828
2891.26000	5000	13	3.05646E-03	4.2320E-05	0.0138461
2878.99000	5100	13	3.04866E-03	4.2731E-05	0.0140163
2866.66000	5200	13	3.04091E-03	4.3161E-05	0.0141934
2854.25000	5300	13	3.03320E-03	4.3609E-05	0.0143772
2841.76000	5400	13	3.02547E-03	4.4074E-05	0.0145675
2829.20000	5500	13	3.01770E-03	4.4554E-05	0.0147641
3232.18000	2500	14	3.62012E-03	4.1162E-05	0.0113703
3218.99000	2600	14	3.58444E-03	4.0651E-05	0.0113409
3206.00000	2700	14	3.55142E-03	4.0206E-05	0.0113212
3193.20000	2800	14	3.52072E-03	3.9822E-05	0.0113106
3180.56000	2900	14	3.49215E-03	3.9492E-05	0.0113087
3168.07000	3000	14	3.46552E-03	3.9213E-05	0.0113150
3155.71000	3100	14	3.44063E-03	3.8980E-05	0.0113293
3143.47000	3200	14	3.41734E-03	3.8791E-05	0.0113512
3131.32000	3300	14	3.39550E-03	3.8643E-05	0.0113805
3119.26000	3400	14	3.37499E-03	3.8532E-05	0.0114169
3107.28000	3500	14	3.35569E-03	3.8458E-05	0.0114604
3095.36000	3600	14	3.33751E-03	3.8417E-05	0.0115107
3083.49000	3700	14	3.32034E-03	3.8409E-05	0.0115678
3071.67000	3800	14	3.30411E-03	3.8432E-05	0.0116316
3059.88000	3900	14	3.28874E-03	3.8485E-05	0.0117019
3048.11000	4000	14	3.27415E-03	3.8566E-05	0.0117788
3036.37000	4100	14	3.26029E-03	3.8674E-05	0.0118622
3024.63000	4200	14	3.24710E-03	3.8809E-05	0.0119520
3012.89000	4300	14	3.23451E-03	3.8971E-05	0.0120484
3001.14000	4400	14	3.22247E-03	3.9157E-05	0.0121511
2989.38000	4500	14	3.21094E-03	3.9367E-05	0.0122604
2977.60000	4600	14	3.19988E-03	3.9602E-05	0.0123760
2965.80000	4700	14	3.18921E-03	3.9859E-05	0.0124982
2953.96000	4800	14	3.17891E-03	4.0140E-05	0.0126268
2942.08000	4900	14	3.16894E-03	4.0442E-05	0.0127619
2930.16000	5000	14	3.15926E-03	4.0765E-05	0.0129035
2918.19000	5100	14	3.14982E-03	4.1110E-05	0.0130514
2906.16000	5200	14	3.14060E-03	4.1474E-05	0.0132057
2894.08000	5300	14	3.13154E-03	4.1857E-05	0.0133664
2881.93000	5400	14	3.12262E-03	4.2259E-05	0.0135332
2869.72000	5500	14	3.11380E-03	4.2678E-05	0.0137062
3268.23000	2500	15	3.83652E-03	4.1523E-05	0.0108230
3254.79000	2600	15	3.79193E-03	4.0915E-05	0.0107901
3241.59000	2700	15	3.75061E-03	4.0380E-05	0.0107662
3228.60000	2800	15	3.71223E-03	3.9910E-05	0.0107509
3215.81000	2900	15	3.67652E-03	3.9499E-05	0.0107435
3203.19000	3000	15	3.64320E-03	3.9142E-05	0.0107438
3190.73000	3100	15	3.61209E-03	3.8835E-05	0.0107513
3178.40000	3200	15	3.58294E-03	3.8574E-05	0.0107660
3166.20000	3300	15	3.55560E-03	3.8356E-05	0.0107874
3154.11000	3400	15	3.52992E-03	3.8178E-05	0.0108154
3142.12000	3500	15	3.50576E-03	3.8037E-05	0.0108498
3130.20000	3600	15	3.48300E-03	3.7931E-05	0.0108904
3118.37000	3700	15	3.46151E-03	3.7859E-05	0.0109372
3106.59000	3800	15	3.44121E-03	3.7819E-05	0.0109901
3094.86000	3900	15	3.42200E-03	3.7809E-05	0.0110489
3083.18000	4000	15	3.40379E-03	3.7828E-05	0.0111136
3071.54000	4100	15	3.38650E-03	3.7875E-05	0.0111842
3059.91000	4200	15	3.37007E-03	3.7949E-05	0.0112607
3048.31000	4300	15	3.35443E-03	3.8049E-05	0.0113429
3036.71000	4400	15	3.33951E-03	3.8174E-05	0.0114310
3025.12000	4500	15	3.32526E-03	3.8323E-05	0.0115249
3013.52000	4600	15	3.31162E-03	3.8496E-05	0.0116246
3001.92000	4700	15	3.29855E-03	3.8693E-05	0.0117302
2990.29000	4800	15	3.28599E-03	3.8911E-05	0.0118416
2978.64000	4900	15	3.27393E-03	3.9152E-05	0.0119587
2966.97000	5000	15	3.26226E-03	3.9414E-05	0.0120818
2955.25000	5100	15	3.25097E-03	3.9697E-05	0.0122108
2943.50000	5200	15	3.24004E-03	4.0000E-05	0.0123456
2931.70000	5300	15	3.22941E-03	4.0323E-05	0.0124863
2919.86000	5400	15	3.21904E-03	4.0665E-05	0.0126327
2907.96000	5500	15	3.20891E-03	4.1026E-05	0.0127849
3302.97000	2500	16	4.05714E-03	4.1912E-05	0.0103303
3289.27000	2600	16	4.00342E-03	4.1214E-05	0.0102947
3275.84000	2700	16	3.95365E-03	4.0594E-05	0.0102675
3262.67000	2800	16	3.90742E-03	4.0044E-05	0.0102482
3249.71000	2900	16	3.86437E-03	3.9558E-05	0.0102365
3236.95000	3000	16	3.82422E-03	3.9129E-05	0.0102318
3224.37000	3100	16	3.78669E-03	3.8753E-05	0.0102339
3211.95000	3200	16	3.75155E-03	3.8426E-05	0.0102426
3199.68000	3300	16	3.71858E-03	3.8143E-05	0.0102575
3187.54000	3400	16	3.68763E-03	3.7903E-05	0.0102784
3175.51000	3500	16	3.65848E-03	3.7702E-05	0.0103053
3163.59000	3600	16	3.63100E-03	3.7537E-05	0.0103379
3151.76000	3700	16	3.60508E-03	3.7407E-05	0.0103761
3140.01000	3800	16	3.58058E-03	3.7309E-05	0.0104198
3128.32000	3900	16	3.55741E-03	3.7243E-05	0.0104690
3116.70000	4000	16	3.53544E-03	3.7206E-05	0.0105236
3105.13000	4100	16	3.51461E-03	3.7197E-05	0.0105834
3093.60000	4200	16	3.49481E-03	3.7215E-05	0.0106486
3082.10000	4300	16	3.47599E-03	3.7259E-05	0.0107191
3070.63000	4400	16	3.45805E-03	3.7329E-05	0.0107948
3059.17000	4500	16	3.44095E-03	3.7423E-05	0.0108758
3047.73000	4600	16	3.42462E-03	3.7541E-05	0.0109620
3036.29000	4700	16	3.40899E-03	3.7681E-05	0.0110535
3024.85000	4800	16	3.39403E-03	3.7845E-05	0.0111503
3013.39000	4900	16	3.37967E-03	3.8029E-05	0.0112524
3001.92000	5000	16	3.36587E-03	3.8236E-05	0.0113598
2990.43000	5100	16	3.35258E-03	3.8463E-05	0.0114726
2978.92000	5200	16	3.33978E-03	3.8710E-05	0.0115906
2967.37000	5300	16	3.32738E-03	3.8977E-05	0.0117140
2955.78000	5400	16	3.31537E-03	3.9264E-05	0.0118429
2944.16000	5500	16	3.30372E-03	3.9569E-05	0.0119770
3336.51000	2500	17	4.28183E-03	4.2322E-05	0.0098841
3322.55000	2600	17	4.21880E-03	4.1540E-05	0.0098463
3308.89000	2700	17	4.16040E-03	4.0840E-05	0.0098164
3295.51000	2800	17	4.10615E-03	4.0216E-05	0.0097940
3282.38000	2900	17	4.05563E-03	3.9659E-05	0.0097787
3269.47000	3000	17	4.00850E-03	3.9163E-05	0.0097700
3256.76000	3100	17	3.96443E-03	3.8723E-05	0.0097676
3244.24000	3200	17	3.92316E-03	3.8334E-05	0.0097713
3231.89000	3300	17	3.88444E-03	3.7993E-05	0.0097807
3219.68000	3400	17	3.84805E-03	3.7695E-05	0.0097959
3207.61000	3500	17	3.81380E-03	3.7438E-05	0.0098163
3195.66000	3600	17	3.78152E-03	3.7219E-05	0.0098422
3183.82000	3700	17	3.75107E-03	3.7035E-05	0.0098731
3172.07000	3800	17	3.72227E-03	3.6885E-05	0.0099092
3160.41000	3900	17	3.69501E-03	3.6767E-05	0.0099503
3148.83000	4000	17	3.66919E-03	3.6678E-05	0.0099963
3137.31000	4100	17	3.64470E-03	3.6619E-05	0.0100472
3125.85000	4200	17	3.62143E-03	3.6587E-05	0.0101029
3114.43000	4300	17	3.59932E-03	3.6581E-05	0.0101633
3103.06000	4400	17	3.57826E-03	3.6601E-05	0.0102286
3091.72000	4500	17	3.55819E-03	3.6645E-05	0.0102986
3080.40000	4600	17	3.53905E-03	3.6712E-05	0.0103734
3069.10000	4700	17	3.52075E-03	3.6802E-05	0.0104530
3057.81000	4800	17	3.50326E-03	3.6915E-05	0.0105374
3046.52000	4900	17	3.48650E-03	3.7049E-05	0.0106265
3035.23000	5000	17	3.47043E-03	3.7205E-05	0.0107205
3023.93000	5100	17	3.45499E-03	3.7381E-05	0.0108194
3012.62000	5200	17	3.44014E-03	3.7577E-05	0.0109231
3001.29000	5300	17	3.42584E-03	3.7793E-05	0.0110318
2989.93000	5400	17	3.41204E-03	3.8028E-05	0.0111453
2978.55000	5500	17	3.39872E-03	3.8282E-05	0.0112636
3368.95000	2500	18	4.51044E-03	4.2748E-05	0.0094776
3354.73000	2600	18	4.43794E-03	4.1886E-05	0.0094382
3340.84000	2700	18	4.37074E-03	4.1113E-05	0.0094063
3327.25000	2800	18	4.30832E-03	4.0418E-05	0.0093814
3313.94000	2900	18	4.25019E-03	3.9795E-05	0.0093631
3300.87000	3000	18	4.19594E-03	3.9236E-05	0.0093510
3288.03000	3100	18	4.14522E-03	3.8737E-05	0.0093449
3275.39000	3200	18	4.09770E-03	3.8291E-05	0.0093444
3262.94000	3300	18	4.05311E-03	3.7894E-05	0.0093494
3250.65000	3400	18	4.01119E-03	3.7543E-05	0.0093595
3238.52000	3500	18	3.97174E-03	3.7234E-05	0.0093747
3226.53000	3600	18	3.93454E-03	3.6964E-05	0.0093949
3214.67000	3700	18	3.89943E-03	3.6732E-05	0.0094197
3202.91000	3800	18	3.86623E-03	3.6533E-05	0.0094494
3191.26000	3900	18	3.83482E-03	3.6368E-05	0.0094835
3179.70000	4000	18	3.80507E-03	3.6233E-05	0.0095222
3168.21000	4100	18	3.77682E-03	3.6127E-05	0.0095654
3156.80000	4200	18	3.74999E-03	3.6049E-05	0.0096130
3145.45000	4300	18	3.72449E-03	3.5997E-05	0.0096649
3134.15000	4400	18	3.70022E-03	3.5971E-05	0.0097213
3122.90000	4500	18	3.67709E-03	3.5969E-05	0.0097820
3111.69000	4600	18	3.65503E-03	3.5991E-05	0.0098471
3100.50000	4700	18	3.63397E-03	3.6036E-05	0.0099164
3089.34000	4800	18	3.61384E-03	3.6103E-05	0.0099902
3078.19000	4900	18	3.59458E-03	3.6191E-05	0.0100683
3067.05000	5000	18	3.57613E-03	3.6301E-05	0.0101508
3055.92000	5100	18	3.55844E-03	3.6430E-05	0.0102377
3044.79000	5200	18	3.54145E-03	3.6580E-05	0.0103291
3033.64000	5300	18	3.52511E-03	3.6749E-05	0.0104249
3022.49000	5400	18	3.50939E-03	3.6937E-05	0.0105252
3011.31000	5500	18	3.49423E-03	3.7144E-05	0.0106300
3400.39000	2500	19	4.74286E-03	4.3187E-05	0.0091057
3385.90000	2600	19	4.66070E-03	4.2250E-05	0.0090651
3371.77000	2700	19	4.58457E-03	4.1406E-05	0.0090315
3357.97000	2800	19	4.51383E-03	4.0645E-05	0.0090045
3344.47000	2900	19	4.44795E-03	3.9960E-05	0.0089838
3331.23000	3000	19	4.38646E-03	3.9342E-05	0.0089690
3318.25000	3100	19	4.32896E-03	3.8786E-05	0.0089597
3305.49000	3200	19	4.27509E-03	3.8287E-05	0.0089558
3292.93000	3300	19	4.22453E-03	3.7839E-05	0.0089569
3280.56000	3400	19	4.17699E-03	3.7438E-05	0.0089629
3268.36000	3500	19	4.13223E-03	3.7081E-05	0.0089736
3256.32000	3600	19	4.09003E-03	3.6765E-05	0.0089888
3244.41000	3700	19	4.05018E-03	3.6487E-05	0.0090086
3232.64000	3800	19	4.01250E-03	3.6244E-05	0.0090327
3220.98000	3900	19	3.97684E-03	3.6034E-05	0.0090610
3209.42000	4000	19	3.94304E-03	3.5856E-05	0.0090935
3197.96000	4100	19	3.91096E-03	3.5707E-05	0.0091301
3186.58000	4200	19	3.88050E-03	3.5587E-05	0.0091708
3175.27000	4300	19	3.85155E-03	3.5494E-05	0.0092154
3164.04000	4400	19	3.82398E-03	3.5426E-05	0.0092641
3152.85000	4500	19	3.79771E-03	3.5383E-05	0.0093168
3141.72000	4600	19	3.77266E-03	3.5363E-05	0.0093735
3130.63000	4700	19	3.74875E-03	3.5366E-05	0.0094341
3119.58000	4800	19	3.72590E-03	3.5391E-05	0.0094988
3108.55000	4900	19	3.70405E-03	3.5438E-05	0.0095674
3097.54000	5000	19	3.68313E-03	3.5505E-05	0.0096399
3086.55000	5100	19	3.66308E-03	3.5593E-05	0.0097166
3075.57000	5200	19	3.64385E-03	3.5700E-05	0.0097973
3064.59000	5300	19	3.62539E-03	3.5826E-05	0.0098820
3053.61000	5400	19	3.60764E-03	3.5971E-05	0.0099709
3042.62000	5500	19	3.59056E-03	3.6135E-05	0.0100638
3430.90000	2500	20	4.97890E-03	4.3635E-05	0.0087639
3416.14000	2600	20	4.88698E-03	4.2626E-05	0.0087224
3401.77000	2700	20	4.80175E-03	4.1715E-05	0.0086875
3387.75000	2800	20	4.72256E-03	4.0892E-05	0.0086589
3374.05000	2900	20	4.64881E-03	4.0148E-05	0.0086362
3360.65000	3000	20	4.57997E-03	3.9475E-05	0.0086191
3347.51000	3100	20	4.51559E-03	3.8866E-05	0.0086072
3334.62000	3200	20	4.45526E-03	3.8316E-05	0.0086003
3321.95000	3300	20	4.39863E-03	3.7820E-05	0.0085982
3309.49000	3400	20	4.34537E-03	3.7373E-05	0.0086006
3297.21000	3500	20	4.29523E-03	3.6971E-05	0.0086075
3285.10000	3600	20	4.24793E-03	3.6612E-05	0.0086187
3273.15000	3700	20	4.20326E-03	3.6291E-05	0.0086339
3261.34000	3800	20	4.16103E-03	3.6007E-05	0.0086533
3249.66000	3900	20	4.12104E-03	3.5757E-05	0.0086766
3238.10000	4000	20	4.08313E-03	3.5539E-05	0.0087038
3226.64000	4100	20	4.04715E-03	3.5351E-05	0.0087347
3215.28000	4200	20	4.01298E-03	3.5192E-05	0.0087694
3204.01000	4300	20	3.98048E-03	3.5060E-05	0.0088079
3192.81000	4400	20	3.94954E-03	3.4953E-05	0.0088499
3181.68000	4500	20	3.92007E-03	3.4872E-05	0.0088958
3170.62000	4600	20	3.89197E-03	3.4814E-05	0.0089452
3159.61000	4700	20	3.86513E-03	3.4780E-05	0.0089983
3148.64000	4800	20	3.83949E-03	3.4767E-05	0.0090550
3137.71000	4900	20	3.81498E-03	3.4775E-05	0.0091154
3126.81000	5000	20	3.79151E-03	3.4804E-05	0.0091794
3115.94000	5100	20	3.76904E-03	3.4853E-05	0.0092471
3105.09000	5200	20	3.74749E-03	3.4921E-05	0.0093185
3094.25000	5300	20	3.72681E-03	3.5008E-05	0.0093936
3083.42000	5400	20	3.70695E-03	3.5114E-05	0.0094726
3072.60000	5500	20	3.68785E-03	3.5238E-05	0.0095552
3460.55000	2500	21	5.21849E-03	4.4089E-05	0.0084486
3445.52000	2600	21	5.11659E-03	4.3012E-05	0.0084063
3430.90000	2700	21	5.02215E-03	4.2038E-05	0.0083704
3416.66000	2800	21	4.93439E-03	4.1156E-05	0.0083406
3402.77000	2900	21	4.85268E-03	4.0356E-05	0.0083162
3389.19000	3000	21	4.77638E-03	3.9630E-05	0.0082972
3375.89000	3100	21	4.70501E-03	3.8972E-05	0.0082831
3362.87000	3200	21	4.63812E-03	3.8375E-05	0.0082737
3350.08000	3300	21	4.57533E-03	3.7833E-05	0.0082688
3337.51000	3400	21	4.51628E-03	3.7342E-05	0.0082684
3325.15000	3500	21	4.46066E-03	3.6898E-05	0.0082719
3312.97000	3600	21	4.40819E-03	3.6498E-05	0.0082795
3300.96000	3700	21	4.35864E-03	3.6138E-05	0.0082910
3289.10000	3800	21	4.31176E-03	3.5815E-05	0.0083063
3277.39000	3900	21	4.26738E-03	3.5527E-05	0.0083253
3265.81000	4000	21	4.22529E-03	3.5272E-05	0.0083478
3254.35000	4100	21	4.18535E-03	3.5048E-05	0.0083739
3243.00000	4200	21	4.14740E-03	3.4853E-05	0.0084035
3231.74000	4300	21	4.11130E-03	3.4685E-05	0.0084365
3220.58000	4400	21	4.07694E-03	3.4544E-05	0.0084729
3209.49000	4500	21	4.04419E-03	3.4427E-05	0.0085127
3198.48000	4600	21	4.01295E-03	3.4335E-05	0.0085559
3187.52000	4700	21	3.98314E-03	3.4265E-05	0.0086024
3176.63000	4800	21	3.95467E-03	3.4217E-05	0.0086523
3165.78000	4900	21	3.92742E-03	3.4190E-05	0.0087056
3154.98000	5000	21	3.90134E-03	3.4184E-05	0.0087621
3144.21000	5100	21	3.87637E-03	3.4198E-05	0.0088221
3133.47000	5200	21	3.85243E-03	3.4231E-05	0.0088854
3122.76000	5300	21	3.82947E-03	3.4282E-05	0.0089522
3112.06000	5400	21	3.80742E-03	3.4352E-05	0.0090223
3101.37000	5500	21	3.78624E-03	3.4440E-05	0.0090960
3489.40000	2500	22	5.46146E-03	4.4547E-05	0.0081565
3474.09000	2600	22	5.34947E-03	4.3405E-05	0.0081139
3459.22000	2700	22	5.24569E-03	4.2371E-05	0.0080772
3444.76000	2800	22	5.14924E-03	4.1432E-05	0.0080463
3430.67000	2900	22	5.05941E-03	4.0580E-05	0.0080206
3416.91000	3000	22	4.97556E-03	3.9804E-05	0.0080000
3403.46000	3100	22	4.89714E-03	3.9099E-05	0.0079840
3390.29000	3200	22	4.82360E-03	3.8457E-05	0.0079726
3377.37000	3300	22	4.75456E-03	3.7872E-05	0.0079654
3364.70000	3400	22	4.68963E-03	3.7340E-05	0.0079623
3352.24000	3500	22	4.62846E-03	3.6857E-05	0.0079631
3339.98000	3600	22	4.57075E-03	3.6418E-05	0.0079677
3327.91000	3700	22	4.51624E-03	3.6021E-05	0.0079759
3316.00000	3800	22	4.46466E-03	3.5662E-05	0.0079877
3304.25000	3900	22	4.41582E-03	3.5339E-05	0.0080029
3292.65000	4000	22	4.36950E-03	3.5050E-05	0.0080214
3281.17000	4100	22	4.32553E-03	3.4792E-05	0.0080433
3269.81000	4200	22	4.28374E-03	3.4563E-05	0.0080684
3258.56000	4300	22	4.24399E-03	3.4363E-05	0.0080967
3247.41000	4400	22	4.20614E-03	3.4188E-05	0.0081282
3236.35000	4500	22	4.17006E-03	3.4040E-05	0.0081628
3225.38000	4600	22	4.13565E-03	3.3915E-05	0.0082006
3214.47000	4700	22	4.10279E-03	3.3813E-05	0.0082414
3203.64000	4800	22	4.07139E-03	3.3733E-05	0.0082853
3192.86000	4900	22	4.04137E-03	3.3674E-05	0.0083323
3182.13000	5000	22	4.01263E-03	3.3635E-05	0.0083824
3171.45000	5100	22	3.98513E-03	3.3617E-05	0.0084355
3160.81000	5200	22	3.95874E-03	3.3617E-05	0.0084918
3150.20000	5300	22	3.93344E-03	3.3636E-05	0.0085512
3139.61000	5400	22	3.90914E-03	3.3673E-05	0.0086138
3129.05000	5500	22	3.88581E-03	3.3727E-05	0.0086795
3517.49000	2500	23	5.70770E-03	4.5007E-05	0.0078853
3501.91000	2600	23	5.58550E-03	4.3803E-05	0.0078423
3486.80000	2700	23	5.47224E-03	4.2711E-05	0.0078051
3472.11000	2800	23	5.36700E-03	4.1719E-05	0.0077733
3457.82000	2900	23	5.26897E-03	4.0817E-05	0.0077467
3443.87000	3000	23	5.17745E-03	3.9994E-05	0.0077247
3430.26000	3100	23	5.09183E-03	3.9244E-05	0.0077072
3416.94000	3200	23	5.01158E-03	3.8559E-05	0.0076940
3403.90000	3300	23	4.93622E-03	3.7934E-05	0.0076848
3391.11000	3400	23	4.86536E-03	3.7364E-05	0.0076795
3378.55000	3500	23	4.79857E-03	3.6843E-05	0.0076779
3366.21000	3600	23	4.73555E-03	3.6368E-05	0.0076798
3354.06000	3700	23	4.67601E-03	3.5936E-05	0.0076852
3342.10000	3800	23	4.61967E-03	3.5543E-05	0.0076939
3330.30000	3900	23	4.56631E-03	3.5187E-05	0.0077059
3318.66000	4000	23	4.51570E-03	3.4866E-05	0.0077210
3307.16000	4100	23	4.46764E-03	3.4576E-05	0.0077392
3295.78000	4200	23	4.42197E-03	3.4316E-05	0.0077604
3284.53000	4300	23	4.37851E-03	3.4085E-05	0.0077846
3273.39000	4400	23	4.33712E-03	3.3881E-05	0.0078118
3262.35000	4500	23	4.29766E-03	3.3702E-05	0.0078418
3251.40000	4600	23	4.26002E-03	3.3547E-05	0.0078748
3240.53000	4700	23	4.22407E-03	3.3415E-05	0.0079106
3229.74000	4800	23	4.18972E-03	3.3305E-05	0.0079493
3219.02000	4900	23	4.15686E-03	3.3217E-05	0.0079909
3208.35000	5000	23	4.12542E-03	3.3149E-05	0.0080352
3197.74000	5100	23	4.09530E-03	3.3100E-05	0.0080825
3187.18000	5200	23	4.06642E-03	3.3071E-05	0.0081326
3176.66000	5300	23	4.03873E-03	3.3059E-05	0.0081856
3166.18000	5400	23	4.01216E-03	3.3066E-05	0.0082414
3155.72000	5500	23	3.98661E-03	3.3090E-05	0.0083003
3544.89000	2500	24	5.95710E-03	4.5468E-05	0.0076325
3529.03000	2600	24	5.82455E-03	4.4205E-05	0.0075894
3513.67000	2700	24	5.70170E-03	4.3058E-05	0.0075518
3498.76000	2800	24	5.58755E-03	4.2015E-05	0.0075194
3484.26000	2900	24	5.48122E-03	4.1065E-05	0.0074919
3470.13000	3000	24	5.38195E-03	4.0197E-05	0.0074688
3456.35000	3100	24	5.28908E-03	3.9404E-05	0.0074501
3442.88000	3200	24	5.20202E-03	3.8679E-05	0.0074354
3429.71000	3300	24	5.12026E-03	3.8015E-05	0.0074245
3416.80000	3400	24	5.04335E-03	3.7408E-05	0.0074173
3404.14000	3500	24	4.97089E-03	3.6852E-05	0.0074136
3391.70000	3600	24	4.90250E-03	3.6344E-05	0.0074133
3379.48000	3700	24	4.83789E-03	3.5879E-05	0.0074161
3367.45000	3800	24	4.77674E-03	3.5454E-05	0.0074222
3355.60000	3900	24	4.71880E-03	3.5067E-05	0.0074314
3343.91000	4000	24	4.66384E-03	3.4715E-05	0.0074434
3332.38000	4100	24	4.61165E-03	3.4396E-05	0.0074584
3320.98000	4200	24	4.56203E-03	3.4107E-05	0.0074762
3309.72000	4300	24	4.51482E-03	3.3847E-05	0.0074969
3298.57000	4400	24	4.46985E-03	3.3614E-05	0.0075202
3287.54000	4500	24	4.42697E-03	3.3407E-05	0.0075463
3276.61000	4600	24	4.38605E-03	3.3225E-05	0.0075751
3265.76000	4700	24	4.34697E-03	3.3065E-05	0.0076065
3255.01000	4800	24	4.30962E-03	3.2928E-05	0.0076406
3244.33000	4900	24	4.27389E-03	3.2812E-05	0.0076774
3233.71000	5000	24	4.23969E-03	3.2717E-05	0.0077168
3223.16000	5100	24	4.20692E-03	3.2641E-05	0.0077588
3212.67000	5200	24	4.17551E-03	3.2583E-05	0.0078035
3202.23000	5300	24	4.14538E-03	3.2545E-05	0.0078508
3191.83000	5400	24	4.11645E-03	3.2523E-05	0.0079008
3181.46000	5500	24	4.08867E-03	3.2519E-05	0.0079535
3571.62000	2500	25	6.20955E-03	4.5929E-05	0.0073964
3555.49000	2600	25	6.06652E-03	4.4609E-05	0.0073533
3539.88000	2700	25	5.93398E-03	4.3410E-05	0.0073154
3524.74000	2800	25	5.81081E-03	4.2318E-05	0.0072825
3510.04000	2900	25	5.69609E-03	4.1321E-05	0.0072543
3495.72000	3000	25	5.58898E-03	4.0410E-05	0.0072304
3481.77000	3100	25	5.48877E-03	3.9577E-05	0.0072105
3468.16000	3200	25	5.39483E-03	3.8814E-05	0.0071946
3454.84000	3300	25	5.30660E-03	3.8113E-05	0.0071823
3441.81000	3400	25	5.22360E-03	3.7471E-05	0.0071734
3429.04000	3500	25	5.14538E-03	3.6882E-05	0.0071679
3416.51000	3600	25	5.07156E-03	3.6341E-05	0.0071656
3404.20000	3700	25	5.00180E-03	3.5845E-05	0.0071664
3392.10000	3800	25	4.93578E-03	3.5390E-05	0.0071702
3380.19000	3900	25	4.87324E-03	3.4974E-05	0.0071767
3368.45000	4000	25	4.81388E-03	3.4594E-05	0.0071862
3356.88000	4100	25	4.75750E-03	3.4246E-05	0.0071984
3345.46000	4200	25	4.70390E-03	3.3930E-05	0.0072132
3334.17000	4300	25	4.65289E-03	3.3644E-05	0.0072307
3323.02000	4400	25	4.60429E-03	3.3384E-05	0.0072507
3311.98000	4500	25	4.55794E-03	3.3151E-05	0.0072733
3301.06000	4600	25	4.51371E-03	3.2943E-05	0.0072984
3290.23000	4700	25	4.47146E-03	3.2758E-05	0.0073260
3279.50000	4800	25	4.43107E-03	3.2595E-05	0.0073560
3268.85000	4900	25	4.39242E-03	3.2454E-05	0.0073885
3258.28000	5000	25	4.35543E-03	3.2333E-05	0.0074235
3247.78000	5100	25	4.31998E-03	3.2231E-05	0.0074610
3237.34000	5200	25	4.28599E-03	3.2148E-05	0.0075008
3226.96000	5300	25	4.25338E-03	3.2084E-05	0.0075431
3216.63000	5400	25	4.22208E-03	3.2037E-05	0.0075879
3206.35000	5500	25	4.19201E-03	3.2007E-05	0.0076352
3597.73000	2500	26	6.46491E-03	4.6388E-05	0.0071753
3581.33000	2600	26	6.31132E-03	4.5014E-05	0.0071322
3565.47000	2700	26	6.16896E-03	4.3764E-05	0.0070942
3550.11000	2800	26	6.03669E-03	4.2625E-05	0.0070610
3535.20000	2900	26	5.91347E-03	4.1585E-05	0.0070322
3520.69000	3000	26	5.79844E-03	4.0633E-05	0.0070076
3506.57000	3100	26	5.69081E-03	3.9761E-05	0.0069869
3492.80000	3200	26	5.58992E-03	3.8961E-05	0.0069698
3479.35000	3300	26	5.49515E-03	3.8226E-05	0.0069562
3466.19000	3400	26	5.40599E-03	3.7550E-05	0.0069460
3453.31000	3500	26	5.32197E-03	3.6929E-05	0.0069390
3440.68000	3600	26	5.24266E-03	3.6358E-05	0.0069350
3428.29000	3700	26	5.16771E-03	3.5832E-05	0.0069339
3416.11000	3800	26	5.09676E-03	3.5349E-05	0.0069356
3404.13000	3900	26	5.02953E-03	3.4905E-05	0.0069400
3392.34000	4000	26	4.96574E-03	3.4498E-05	0.0069471
3380.72000	4100	26	4.90516E-03	3.4124E-05	0.0069568
3369.26000	4200	26	4.84753E-03	3.3783E-05	0.0069690
3357.95000	4300	26	4.79267E-03	3.3471E-05	0.0069837
3346.78000	4400	26	4.74040E-03	3.3187E-05	0.0070008
3335.73000	4500	26	4.69055E-03	3.2929E-05	0.0070203
3324.81000	4600	26	4.64297E-03	3.2696E-05	0.0070421
3313.99000	4700	26	4.59751E-03	3.2487E-05	0.0070663
3303.27000	4800	26	4.55404E-03	3.2301E-05	0.0070928
3292.65000	4900	26	4.51245E-03	3.2136E-05	0.0071215
3282.11000	5000	26	4.47262E-03	3.1991E-05	0.0071526
3271.65000	5100	26	4.43445E-03	3.1866E-05	0.0071860
3261.25000	5200	26	4.39786E-03	3.1760E-05	0.0072216
3250.93000	5300	26	4.36274E-03	3.1671E-05	0.0072595
3240.66000	5400	26	4.32902E-03	3.1601E-05	0.0072997
3230.44000	5500	26	4.29663E-03	3.1547E-05	0.0073422
3623.26000	2500	27	6.72310E-03	4.6845E-05	0.0069677
3606.59000	2600	27	6.55880E-03	4.5418E-05	0.0069248
3590.48000	2700	27	6.40655E-03	4.4120E-05	0.0068867
3574.89000	2800	27	6.26510E-03	4.2936E-05	0.0068533
3559.77000	2900	27	6.13330E-03	4.1854E-05	0.0068241
3545.08000	3000	27	6.01026E-03	4.0863E-05	0.0067988
3530.79000	3100	27	5.89514E-03	3.9954E-05	0.0067774
3516.86000	3200	27	5.78722E-03	3.9118E-05	0.0067594
3503.26000	3300	27	5.68585E-03	3.8350E-05	0.0067448
3489.98000	3400	27	5.59047E-03	3.7643E-05	0.0067334
3476.98000	3500	27	5.50058E-03	3.6991E-05	0.0067250
3464.25000	3600	27	5.41574E-03	3.6391E-05	0.0067195
3451.76000	3700	27	5.33553E-03	3.5837E-05	0.0067167
3439.50000	3800	27	5.25962E-03	3.5327E-05	0.0067167
3427.45000	3900	27	5.18767E-03	3.4857E-05	0.0067193
3415.60000	4000	27	5.11939E-03	3.4424E-05	0.0067243
3403.93000	4100	27	5.05453E-03	3.4026E-05	0.0067318
3392.43000	4200	27	4.99284E-03	3.3660E-05	0.0067417
3381.09000	4300	27	4.93410E-03	3.3325E-05	0.0067539
3369.89000	4400	27	4.87815E-03	3.3017E-05	0.0067684
3358.83000	4500	27	4.82476E-03	3.2737E-05	0.0067851
3347.90000	4600	27	4.77378E-03	3.2481E-05	0.0068041
3337.08000	4700	27	4.72508E-03	3.2250E-05	0.0068252
3326.37000	4800	27	4.67850E-03	3.2041E-05	0.0068486
3315.76000	4900	27	4.63393E-03	3.1854E-05	0.0068740
3305.25000	5000	27	4.59124E-03	3.1687E-05	0.0069016
3294.81000	5100	27	4.55032E-03	3.1540E-05	0.0069314
3284.46000	5200	27	4.51108E-03	3.1412E-05	0.0069632
3274.18000	5300	27	4.47343E-03	3.1301E-05	0.0069972
3263.96000	5400	27	4.43726E-03	3.1208E-05	0.0070332
3253.80000	5500	27	4.40252E-03	3.1132E-05	0.0070715
3648.23000	2500	28	6.98403E-03	4.7299E-05	0.0067724
3631.29000	2600	28	6.80892E-03	4.5822E-05	0.0067297
3614.94000	2700	28	6.64666E-03	4.4477E-05	0.0066917
3599.12000	2800	28	6.49590E-03	4.3250E-05	0.0066581
3583.79000	2900	28	6.35546E-03	4.2128E-05	0.0066286
3568.91000	3000	28	6.22437E-03	4.1099E-05	0.0066029
3554.44000	3100	28	6.10168E-03	4.0154E-05	0.0065808
3540.35000	3200	28	5.98666E-03	3.9285E-05	0.0065621
3526.62000	3300	28	5.87862E-03	3.8485E-05	0.0065466
3513.20000	3400	28	5.77697E-03	3.7747E-05	0.0065341
3500.09000	3500	28	5.68116E-03	3.7067E-05	0.0065246
3487.25000	3600	28	5.59072E-03	3.6439E-05	0.0065177
3474.67000	3700	28	5.50523E-03	3.5859E-05	0.0065136
3462.32000	3800	28	5.42429E-03	3.5323E-05	0.0065120
3450.20000	3900	28	5.34758E-03	3.4828E-05	0.0065128
3438.28000	4000	28	5.27478E-03	3.4371E-05	0.0065161
3426.56000	4100	28	5.20560E-03	3.3949E-05	0.0065217
3415.01000	4200	28	5.13981E-03	3.3560E-05	0.0065295
3403.63000	4300	28	5.07716E-03	3.3202E-05	0.0065395
3392.41000	4400	28	5.01746E-03	3.2873E-05	0.0065517
3381.33000	4500	28	4.96050E-03	3.2571E-05	0.0065660
3370.38000	4600	28	4.90613E-03	3.2294E-05	0.0065824
3359.56000	4700	28	4.85414E-03	3.2042E-05	0.0066009
3348.85000	4800	28	4.80442E-03	3.1812E-05	0.0066214
3338.25000	4900	28	4.75684E-03	3.1604E-05	0.0066439
3327.74000	5000	28	4.71126E-03	3.1417E-05	0.0066684
3317.33000	5100	28	4.66756E-03	3.1249E-05	0.0066949
3307.01000	5200	28	4.62565E-03	3.1100E-05	0.0067234
3296.76000	5300	28	4.58543E-03	3.0969E-05	0.0067538
3286.59000	5400	28	4.54679E-03	3.0856E-05	0.0067863
3276.48000	5500	28	4.50966E-03	3.0759E-05	0.0068207
3672.68000	2500	29	7.24759E-03	4.7749E-05	0.0065883
3655.47000	2600	29	7.06158E-03	4.6224E-05	0.0065458
3638.87000	2700	29	6.88922E-03	4.4835E-05	0.0065080
3622.83000	2800	29	6.72908E-03	4.3566E-05	0.0064743
3607.29000	2900	29	6.57991E-03	4.2405E-05	0.0064446
3592.22000	3000	29	6.44064E-03	4.1339E-05	0.0064185
3577.58000	3100	29	6.31033E-03	4.0361E-05	0.0063959
3563.33000	3200	29	6.18819E-03	3.9459E-05	0.0063766
3549.45000	3300	29	6.07341E-03	3.8629E-05	0.0063603
3535.90000	3400	29	5.96542E-03	3.7862E-05	0.0063469
3522.66000	3500	29	5.86364E-03	3.7154E-05	0.0063364
3509.72000	3600	29	5.76756E-03	3.6500E-05	0.0063284
3497.04000	3700	29	5.67672E-03	3.5894E-05	0.0063230
3484.60000	3800	29	5.59073E-03	3.5334E-05	0.0063201
3472.41000	3900	29	5.50921E-03	3.4815E-05	0.0063194
3460.42000	4000	29	5.43184E-03	3.4335E-05	0.0063211
3448.64000	4100	29	5.35833E-03	3.3891E-05	0.0063250
3437.04000	4200	29	5.28839E-03	3.3481E-05	0.0063310
3425.62000	4300	29	5.22180E-03	3.3101E-05	0.0063391
3414.36000	4400	29	5.15832E-03	3.2751E-05	0.0063492
3403.25000	4500	29	5.09775E-03	3.2429E-05	0.0063613
3392.28000	4600	29	5.03992E-03	3.2132E-05	0.0063754
3381.45000	4700	29	4.98464E-03	3.1859E-05	0.0063915
3370.73000	4800	29	4.93176E-03	3.1610E-05	0.0064095
3360.13000	4900	29	4.88115E-03	3.1383E-05	0.0064293
3349.64000	5000	29	4.83265E-03	3.1176E-05	0.0064511
3339.25000	5100	29	4.78615E-03	3.0989E-05	0.0064747
3328.94000	5200	29	4.74154E-03	3.0821E-05	0.0065002
3318.72000	5300	29	4.69872E-03	3.0671E-05	0.0065275
3308.58000	5400	29	4.65759E-03	3.0538E-05	0.0065567
3298.51000	5500	29	4.61805E-03	3.0423E-05	0.0065877
3696.64000	2500	30	7.51369E-03	4.8196E-05	0.0064145
3679.16000	2600	30	7.31668E-03	4.6624E-05	0.0063723
3662.31000	2700	30	7.13413E-03	4.5192E-05	0.0063346
3646.04000	2800	30	6.96452E-03	4.3883E-05	0.0063009
3630.29000	2900	30	6.80655E-03	4.2684E-05	0.0062710
3615.03000	3000	30	6.65905E-03	4.1584E-05	0.0062447
3600.22000	3100	30	6.52105E-03	4.0572E-05	0.0062217
3585.81000	3200	30	6.39166E-03	3.9640E-05	0.0062019
3571.78000	3300	30	6.27012E-03	3.8780E-05	0.0061849
3558.10000	3400	30	6.15575E-03	3.7986E-05	0.0061708
3544.74000	3500	30	6.04797E-03	3.7252E-05	0.0061593
3531.68000	3600	30	5.94619E-03	3.6572E-05	0.0061504
3518.90000	3700	30	5.84997E-03	3.5942E-05	0.0061439
3506.38000	3800	30	5.75887E-03	3.5358E-05	0.0061398
3494.10000	3900	30	5.67251E-03	3.4817E-05	0.0061378
3482.04000	4000	30	5.59054E-03	3.4315E-05	0.0061381
3470.20000	4100	30	5.51264E-03	3.3850E-05	0.0061404
3458.54000	4200	30	5.43853E-03	3.3419E-05	0.0061448
3447.08000	4300	30	5.36796E-03	3.3019E-05	0.0061511
3435.78000	4400	30	5.30068E-03	3.2649E-05	0.0061595
3424.64000	4500	30	5.23648E-03	3.2307E-05	0.0061697
3413.65000	4600	30	5.17516E-03	3.1992E-05	0.0061817
3402.79000	4700	30	5.11655E-03	3.1700E-05	0.0061956
3392.07000	4800	30	5.06048E-03	3.1433E-05	0.0062114
3381.46000	4900	30	5.00679E-03	3.1187E-05	0.0062289
3370.97000	5000	30	4.95535E-03	3.0962E-05	0.0062482
3360.59000	5100	30	4.90605E-03	3.0757E-05	0.0062692
3350.30000	5200	30	4.85871E-03	3.0571E-05	0.0062920
3340.10000	5300	30	4.81327E-03	3.0403E-05	0.0063165
3329.99000	5400	30	4.76962E-03	3.0253E-05	0.0063428
3319.95000	5500	30	4.72765E-03	3.0119E-05	0.0063707
3720.12000	2500	31	7.78225E-03	4.8639E-05	0.0062500
3702.37000	2600	31	7.57415E-03	4.7022E-05	0.0062082
3685.28000	2700	31	7.38132E-03	4.5548E-05	0.0061706
3668.78000	2800	31	7.20217E-03	4.4200E-05	0.0061370
3652.83000	2900	31	7.03531E-03	4.2965E-05	0.0061071
3637.38000	3000	31	6.87952E-03	4.1832E-05	0.0060806
3622.38000	3100	31	6.73376E-03	4.0788E-05	0.0060573
3607.82000	3200	31	6.59710E-03	3.9827E-05	0.0060370
3593.64000	3300	31	6.46872E-03	3.8939E-05	0.0060195
3579.82000	3400	31	6.34792E-03	3.8117E-05	0.0060047
3566.34000	3500	31	6.23405E-03	3.7357E-05	0.0059925
3553.17000	3600	31	6.12654E-03	3.6653E-05	0.0059827
3540.28000	3700	31	6.02491E-03	3.6000E-05	0.0059752
3527.67000	3800	31	5.92867E-03	3.5394E-05	0.0059700
3515.31000	3900	31	5.83742E-03	3.4831E-05	0.0059669
3503.18000	4000	31	5.75081E-03	3.4309E-05	0.0059659
3491.26000	4100	31	5.66850E-03	3.3823E-05	0.0059669
3479.55000	4200	31	5.59019E-03	3.3372E-05	0.0059698
3468.04000	4300	31	5.51560E-03	3.2954E-05	0.0059746
3456.69000	4400	31	5.44449E-03	3.2565E-05	0.0059813
3445.52000	4500	31	5.37663E-03	3.2205E-05	0.0059898
3434.50000	4600	31	5.31181E-03	3.1871E-05	0.0060000
3423.62000	4700	31	5.24984E-03	3.1562E-05	0.0060120
3412.88000	4800	31	5.19055E-03	3.1277E-05	0.0060257
3402.27000	4900	31	5.13377E-03	3.1014E-05	0.0060411
3391.78000	5000	31	5.07937E-03	3.0772E-05	0.0060582
3381.39000	5100	31	5.02719E-03	3.0550E-05	0.0060769
3371.11000	5200	31	4.97713E-03	3.0347E-05	0.0060973
3360.93000	5300	31	4.92907E-03	3.0162E-05	0.0061192
3350.84000	5400	31	4.88287E-03	2.9995E-05	0.0061429
3340.83000	5500	31	4.83845E-03	2.9844E-05	0.0061682
3743.14000	2500	32	8.05318E-03	4.9077E-05	0.0060941
3725.13000	2600	32	7.83389E-03	4.7416E-05	0.0060527
3707.80000	2700	32	7.63074E-03	4.5902E-05	0.0060154
3691.08000	2800	32	7.44195E-03	4.4517E-05	0.0059819
3674.92000	2900	32	7.26613E-03	4.3248E-05	0.0059520
3659.27000	3000	32	7.10198E-03	4.2082E-05	0.0059253
3644.11000	3100	32	6.94840E-03	4.1008E-05	0.0059018
3629.38000	3200	32	6.80440E-03	4.0017E-05	0.0058811
3615.05000	3300	32	6.66914E-03	3.9102E-05	0.0058631
3601.10000	3400	32	6.54185E-03	3.8255E-05	0.0058478
3587.49000	3500	32	6.42186E-03	3.7471E-05	0.0058349
3574.20000	3600	32	6.30858E-03	3.6743E-05	0.0058243
3561.21000	3700	32	6.20147E-03	3.6068E-05	0.0058160
3548.51000	3800	32	6.10005E-03	3.5441E-05	0.0058099
3536.06000	3900	32	6.00391E-03	3.4857E-05	0.0058058
3523.85000	4000	32	5.91262E-03	3.4315E-05	0.0058036
3511.87000	4100	32	5.82586E-03	3.3810E-05	0.0058034
3500.10000	4200	32	5.74331E-03	3.3340E-05	0.0058050
3488.52000	4300	32	5.66468E-03	3.2903E-05	0.0058085
3477.14000	4400	32	5.58971E-03	3.2497E-05	0.0058137
3465.92000	4500	32	5.51816E-03	3.2119E-05	0.0058207
3454.87000	4600	32	5.44981E-03	3.1768E-05	0.0058293
3443.97000	4700	32	5.38446E-03	3.1443E-05	0.0058395
3433.21000	4800	32	5.32193E-03	3.1141E-05	0.0058514
3422.58000	4900	32	5.26204E-03	3.0861E-05	0.0058649
3412.08000	5000	32	5.20465E-03	3.0603E-05	0.0058800
3401.69000	5100	32	5.14960E-03	3.0365E-05	0.0058966
3391.42000	5200	32	5.09677E-03	3.0146E-05	0.0059148
3381.24000	5300	32	5.04604E-03	2.9946E-05	0.0059345
3371.17000	5400	32	4.99728E-03	2.9763E-05	0.0059558
3361.18000	5500	32	4.95041E-03	2.9596E-05	0.0059786
3765.74000	2500	33	8.32642E-03	4.9510E-05	0.0059462
3747.47000	2600	33	8.09585E-03	4.7807E-05	0.0059052
3729.89000	2700	33	7.88223E-03	4.6254E-05	0.0058682
3712.95000	2800	33	7.68377E-03	4.4833E-05	0.0058348
3696.58000	2900	33	7.49895E-03	4.3531E-05	0.0058049
3680.75000	3000	33	7.32637E-03	4.2333E-05	0.0057782
3665.40000	3100	33	7.16490E-03	4.1230E-05	0.0057544
3650.51000	3200	33	7.01352E-03	4.0212E-05	0.0057335
3636.04000	3300	33	6.87132E-03	3.9271E-05	0.0057151
3621.94000	3400	33	6.73750E-03	3.8399E-05	0.0056993
3608.21000	3500	33	6.61135E-03	3.7591E-05	0.0056859
3594.81000	3600	33	6.49225E-03	3.6841E-05	0.0056746
3581.72000	3700	33	6.37963E-03	3.6144E-05	0.0056656
3568.91000	3800	33	6.27300E-03	3.5496E-05	0.0056586
3556.37000	3900	33	6.17189E-03	3.4893E-05	0.0056536
3544.09000	4000	33	6.07590E-03	3.4331E-05	0.0056504
3532.03000	4100	33	5.98468E-03	3.3808E-05	0.0056491
3520.20000	4200	33	5.89786E-03	3.3321E-05	0.0056496
3508.57000	4300	33	5.81516E-03	3.2866E-05	0.0056519
3497.13000	4400	33	5.73631E-03	3.2443E-05	0.0056558
3485.87000	4500	33	5.66104E-03	3.2049E-05	0.0056613
3474.78000	4600	33	5.58913E-03	3.1682E-05	0.0056684
3463.85000	4700	33	5.52038E-03	3.1340E-05	0.0056771
3453.07000	4800	33	5.45458E-03	3.1022E-05	0.0056874
3442.43000	4900	33	5.39156E-03	3.0727E-05	0.0056992
3431.91000	5000	33	5.33116E-03	3.0454E-05	0.0057125
3421.52000	5100	33	5.27322E-03	3.0201E-05	0.0057272
3411.24000	5200	33	5.21761E-03	2.9967E-05	0.0057434
3401.07000	5300	33	5.16419E-03	2.9752E-05	0.0057611
3391.00000	5400	33	5.11286E-03	2.9554E-05	0.0057802
3381.03000	5500	33	5.06348E-03	2.9372E-05	0.0058008
3787.93000	2500	34	8.60188E-03	4.9939E-05	0.0058055
3769.40000	2600	34	8.35994E-03	4.8195E-05	0.0057650
3751.58000	2700	34	8.13580E-03	4.6604E-05	0.0057283
3734.41000	2800	34	7.92758E-03	4.5149E-05	0.0056951
3717.84000	2900	34	7.73365E-03	4.3813E-05	0.0056653
3701.82000	3000	34	7.55260E-03	4.2586E-05	0.0056385
3686.30000	3100	34	7.38323E-03	4.1454E-05	0.0056146
3671.24000	3200	34	7.22439E-03	4.0409E-05	0.0055934
3656.62000	3300	34	7.07520E-03	3.9443E-05	0.0055748
3642.39000	3400	34	6.93480E-03	3.8548E-05	0.0055586
3628.53000	3500	34	6.80245E-03	3.7717E-05	0.0055446
3615.01000	3600	34	6.67749E-03	3.6946E-05	0.0055328
3601.81000	3700	34	6.55933E-03	3.6228E-05	0.0055231
3588.90000	3800	34	6.44745E-03	3.5560E-05	0.0055154
3576.28000	3900	34	6.34135E-03	3.4938E-05	0.0055096
3563.91000	4000	34	6.24063E-03	3.4358E-05	0.0055055
3551.78000	4100	34	6.14489E-03	3.3817E-05	0.0055033
3539.88000	4200	34	6.05378E-03	3.3313E-05	0.0055028
3528.19000	4300	34	5.96700E-03	3.2842E-05	0.0055038
3516.70000	4400	34	5.88423E-03	3.2402E-05	0.0055066
3505.40000	4500	34	5.80522E-03	3.1992E-05	0.0055109
3494.27000	4600	34	5.72974E-03	3.1609E-05	0.0055167
3483.30000	4700	34	5.65755E-03	3.1252E-05	0.0055240
3472.49000	4800	34	5.58847E-03	3.0920E-05	0.0055328
3461.83000	4900	34	5.52229E-03	3.0610E-05	0.0055430
3451.30000	5000	34	5.45886E-03	3.0322E-05	0.0055547
3440.89000	5100	34	5.39801E-03	3.0055E-05	0.0055677
3430.61000	5200	34	5.33960E-03	2.9807E-05	0.0055822
3420.44000	5300	34	5.28349E-03	2.9577E-05	0.0055980
3410.38000	5400	34	5.22956E-03	2.9365E-05	0.0056152
3400.41000	5500	34	5.17768E-03	2.9170E-05	0.0056338
3809.73000	2500	35	8.87951E-03	5.0362E-05	0.0056717
3790.94000	2600	35	8.62611E-03	4.8579E-05	0.0056316
3772.88000	2700	35	8.39138E-03	4.6952E-05	0.0055952
3755.49000	2800	35	8.17332E-03	4.5462E-05	0.0055623
3738.71000	2900	35	7.97024E-03	4.4096E-05	0.0055326
3722.50000	3000	35	7.78065E-03	4.2839E-05	0.0055058
3706.81000	3100	35	7.60326E-03	4.1680E-05	0.0054818
3691.59000	3200	35	7.43696E-03	4.0609E-05	0.0054605
3676.81000	3300	35	7.28075E-03	3.9619E-05	0.0054416
3662.44000	3400	35	7.13372E-03	3.8700E-05	0.0054250
3648.45000	3500	35	6.99512E-03	3.7848E-05	0.0054106
3634.82000	3600	35	6.86427E-03	3.7056E-05	0.0053983
3621.51000	3700	35	6.74053E-03	3.6318E-05	0.0053880
3608.50000	3800	35	6.62335E-03	3.5631E-05	0.0053797
3595.79000	3900	35	6.51224E-03	3.4991E-05	0.0053731
3583.33000	4000	35	6.40675E-03	3.4394E-05	0.0053683
3571.13000	4100	35	6.30647E-03	3.3836E-05	0.0053652
3559.16000	4200	35	6.21105E-03	3.3315E-05	0.0053637
3547.41000	4300	35	6.12013E-03	3.2828E-05	0.0053639
3535.87000	4400	35	6.03343E-03	3.2373E-05	0.0053655
3524.52000	4500	35	5.95068E-03	3.1947E-05	0.0053687
3513.35000	4600	35	5.87158E-03	3.1550E-05	0.0053733
3502.34000	4700	35	5.79595E-03	3.1178E-05	0.0053794
3491.50000	4800	35	5.72356E-03	3.0832E-05	0.0053868
3480.81000	4900	35	5.65421E-03	3.0508E-05	0.0053956
3470.26000	5000	35	5.58773E-03	3.0206E-05	0.0054058
3459.84000	5100	35	5.52395E-03	2.9925E-05	0.0054174
3449.55000	5200	35	5.46272E-03	2.9664E-05	0.0054302
3439.38000	5300	35	5.40390E-03	2.9421E-05	0.0054443
3429.31000	5400	35	5.34735E-03	2.9195E-05	0.0054598
3419.35000	5500	35	5.29296E-03	2.8987E-05	0.0054765