elements	Na	Al	Si	O
number	16	16	48	128
file	nsteps	Density(g/cm3)	stdev_rho	err_rho	Pressure(GPa)	stdev_P	err_P	Temperature(K)	stdev_T	err_T	Temperature(eV)	stdev_T	err_T	InternEnergy(eV/atm)	stdev_E	err_E	InternEnergy(eV/unitcell)	stdev_E	err_E	InternEnergy(J/g)	stdev_E	err_E	Cvm(Nkb)	stdev_Cvm	Cvm(J/K/mol)	stdev_Cvm	Cvm(J/K/g)	stdev_Cvm	Cv(J/K/unitcell)	stdev_Cv
NaAlSi3O8_T4.5_nvt_a15.0.outcar.umd.dat	4499	2.06	1.5e-13	3.3e-16	1.68e+00	1.3e+00	2.8e-02	4499	264	>1.1e+01	3.88e-01	2.3e-02	>9.5e-04	-5.86e+00	6.0e-02	>1.7e-02	-1.218e+03	1.2e+01	>3.6e+00	-2.797e+04	2.9e+02	>8.3e+01	4.96	9.8e-02	4.12e+01	8.1e-01	2.04e+00	4.0e-02	1.42e-20	2.8e-22
NaAlSi3O8_T4.5_nvt_a16.0.outcar.umd.dat	5999	1.70	1.6e-13	3.7e-16	2.08e-01	1.1e+00	2.0e-02	4500	261	>9.5e+00	3.88e-01	2.3e-02	>8.2e-04	-5.78e+00	5.8e-02	>7.7e-03	-1.203e+03	1.2e+01	>1.6e+00	-2.763e+04	2.8e+02	>3.7e+01	4.66	8.3e-02	3.87e+01	6.9e-01	1.92e+00	3.4e-02	1.34e-20	2.4e-22
NaAlSi3O8_T4.5_nvt_a17.0.outcar.umd.dat	5999	1.42	1.6e-13	3.9e-16	-1.39e-01	8.8e-01	1.6e-02	4500	248	>9.1e+00	3.88e-01	2.1e-02	>7.8e-04	-5.71e+00	6.0e-02	>6.3e-03	-1.187e+03	1.2e+01	>1.3e+00	-2.726e+04	2.9e+02	>3.0e+01	4.97	8.5e-02	4.13e+01	7.0e-01	2.05e+00	3.5e-02	1.43e-20	2.4e-22
NaAlSi3O8_T4.5_nvt_a18.0.outcar.umd.dat	7503	1.19	1.3e-13	6.5e-16	-1.99e-01	7.5e-01	1.2e-02	4500	253	>8.7e+00	3.88e-01	2.2e-02	>7.5e-04	-5.66e+00	6.8e-02	>2.1e-02	-1.178e+03	1.4e+01	>4.3e+00	-2.706e+04	3.3e+02	>9.9e+01	6.41	1.1e-01	5.33e+01	9.5e-01	2.64e+00	4.7e-02	1.84e-20	3.3e-22
NaAlSi3O8_T4.5_nvt_a19.0.outcar.umd.dat	6975	1.02	1.3e-13	8.5e-16	-2.12e-01	6.6e-01	1.1e-02	4500	258	>9.2e+00	3.88e-01	2.2e-02	>7.9e-04	-5.62e+00	7.5e-02	>3.8e-02	-1.170e+03	1.6e+01	>8.0e+00	-2.686e+04	3.6e+02	>1.8e+02	7.78	1.1e-01	6.47e+01	8.8e-01	3.21e+00	4.3e-02	2.23e-20	3.0e-22
NaAlSi3O8_T4.5_nvt_a20.0.outcar.umd.dat	5742	0.87	7.2e-14	9.4e-16	-1.77e-01	5.6e-01	1.0e-02	4500	282	>1.2e+01	3.88e-01	2.4e-02	>1.0e-03	-5.54e+00	6.7e-02	>2.4e-02	-1.152e+03	1.4e+01	>4.9e+00	-2.646e+04	3.2e+02	>1.1e+02	6.16	1.1e-01	5.12e+01	9.4e-01	2.54e+00	4.7e-02	1.77e-20	3.2e-22
NaAlSi3O8_T4.5_nvt_a21.0.outcar.umd.dat	5278	0.75	4.0e-14	6.5e-16	-1.12e-01	4.5e-01	8.8e-03	4500	273	>1.3e+01	3.88e-01	2.4e-02	>1.1e-03	-5.57e+00	6.9e-02	>1.9e-02	-1.159e+03	1.4e+01	>3.9e+00	-2.662e+04	3.3e+02	>9.0e+01	6.58	1.1e-01	5.47e+01	9.5e-01	2.71e+00	4.7e-02	1.89e-20	3.3e-22
NaAlSi3O8_T4.5_nvt_a22.0.outcar.umd.dat	5414	0.65	3.4e-15	6.6e-17	-9.45e-02	4.1e-01	7.8e-03	4500	248	>1.4e+01	3.88e-01	2.1e-02	>1.2e-03	-5.52e+00	7.7e-02	>1.7e-02	-1.148e+03	1.6e+01	>3.5e+00	-2.637e+04	3.7e+02	>8.0e+01	8.20	1.5e-01	6.82e+01	1.3e+00	3.38e+00	6.4e-02	2.35e-20	4.4e-22
NaAlSi3O8_T4.5_nvt_a23.0.outcar.umd.dat	4831	0.57	6.2e-15	2.6e-16	-8.08e-02	3.5e-01	7.1e-03	4500	280	>1.4e+01	3.88e-01	2.4e-02	>1.2e-03	-5.51e+00	7.2e-02	>3.5e-02	-1.146e+03	1.5e+01	>7.3e+00	-2.632e+04	3.4e+02	>1.7e+02	7.14	1.7e-01	5.94e+01	1.4e+00	2.94e+00	6.8e-02	2.05e-20	4.7e-22
NaAlSi3O8_T4.5_nvt_a24.5.outcar.umd.dat	4333	0.47	2.3e-14	4.1e-16	-4.99e-02	3.0e-01	6.3e-03	4501	245	>2.0e+01	3.88e-01	2.1e-02	>1.7e-03	-5.45e+00	6.0e-02	>3.5e-02	-1.133e+03	1.2e+01	>7.3e+00	-2.602e+04	2.9e+02	>1.7e+02	4.92	1.0e-01	4.09e+01	8.3e-01	2.03e+00	4.1e-02	1.41e-20	2.9e-22
NaAlSi3O8_T4.5_nvt_a26.5.outcar.umd.dat	4399	0.37	1.9e-14	3.2e-16	-2.39e-02	2.3e-01	4.8e-03	4498	250	>4.0e+01	3.88e-01	2.2e-02	>3.4e-03	-5.48e+00	8.0e-02	>8.2e-02	-1.141e+03	1.7e+01	>1.7e+01	-2.619e+04	3.8e+02	>3.9e+02	8.91	1.9e-01	7.41e+01	1.6e+00	3.67e+00	7.9e-02	2.56e-20	5.5e-22
NaAlSi3O8_T4_nvt_a15.0.outcar.umd.dat	4499	2.06	1.5e-13	3.3e-16	1.11e+00	1.3e+00	2.7e-02	4000	225	>9.1e+00	3.45e-01	1.9e-02	>7.8e-04	-6.07e+00	5.2e-02	>8.2e-03	-1.262e+03	1.1e+01	>1.7e+00	-2.899e+04	2.5e+02	>3.9e+01	4.76	1.0e-01	3.95e+01	8.5e-01	1.96e+00	4.2e-02	1.37e-20	2.9e-22
NaAlSi3O8_T4_nvt_a16.0.outcar.umd.dat	5999	1.70	1.6e-13	3.7e-16	-6.94e-02	1.0e+00	1.9e-02	4000	233	>8.1e+00	3.45e-01	2.0e-02	>7.0e-04	-6.02e+00	6.0e-02	>1.1e-02	-1.253e+03	1.2e+01	>2.2e+00	-2.878e+04	2.9e+02	>5.1e+01	6.26	1.2e-01	5.20e+01	9.6e-01	2.58e+00	4.7e-02	1.80e-20	3.3e-22
NaAlSi3O8_T4_nvt_a17.0.outcar.umd.dat	5999	1.42	1.6e-13	3.9e-16	-3.35e-01	8.8e-01	1.6e-02	4000	228	>8.4e+00	3.45e-01	2.0e-02	>7.2e-04	-5.94e+00	5.9e-02	>1.8e-02	-1.236e+03	1.2e+01	>3.7e+00	-2.839e+04	2.8e+02	>8.5e+01	6.07	1.1e-01	5.04e+01	9.0e-01	2.50e+00	4.5e-02	1.74e-20	3.1e-22
NaAlSi3O8_T4_nvt_a18.0.outcar.umd.dat	7098	1.19	1.2e-13	9.9e-16	-3.78e-01	7.5e-01	1.3e-02	4000	216	>7.4e+00	3.45e-01	1.9e-02	>6.4e-04	-5.90e+00	5.5e-02	>7.7e-03	-1.228e+03	1.1e+01	>1.6e+00	-2.819e+04	2.6e+02	>3.7e+01	5.33	9.1e-02	4.43e+01	7.5e-01	2.20e+00	3.7e-02	1.53e-20	2.6e-22
NaAlSi3O8_T4_nvt_a19.0.outcar.umd.dat	6669	1.02	1.2e-13	8.5e-16	-3.50e-01	5.8e-01	1.0e-02	4000	225	>8.3e+00	3.45e-01	1.9e-02	>7.2e-04	-5.87e+00	5.6e-02	>1.8e-02	-1.221e+03	1.2e+01	>3.8e+00	-2.803e+04	2.7e+02	>8.7e+01	5.43	9.1e-02	4.52e+01	7.6e-01	2.24e+00	3.8e-02	1.56e-20	2.6e-22
NaAlSi3O8_T4_nvt_a20.0.outcar.umd.dat	7296	0.87	7.7e-14	9.9e-16	-1.89e-01	5.2e-01	8.5e-03	4000	231	>8.0e+00	3.45e-01	2.0e-02	>6.9e-04	-5.86e+00	5.5e-02	>8.2e-03	-1.218e+03	1.1e+01	>1.7e+00	-2.798e+04	2.6e+02	>3.9e+01	5.27	8.8e-02	4.38e+01	7.3e-01	2.17e+00	3.6e-02	1.51e-20	2.5e-22
NaAlSi3O8_T4_nvt_a21.0.outcar.umd.dat	5213	0.75	4.0e-14	6.5e-16	-1.49e-01	4.4e-01	8.6e-03	4000	238	>1.2e+01	3.45e-01	2.0e-02	>1.0e-03	-5.79e+00	5.8e-02	>2.6e-02	-1.205e+03	1.2e+01	>5.5e+00	-2.768e+04	2.8e+02	>1.3e+02	5.79	1.0e-01	4.81e+01	8.7e-01	2.39e+00	4.3e-02	1.66e-20	3.0e-22
NaAlSi3O8_T4_nvt_a22.0.outcar.umd.dat	4870	0.65	3.4e-15	6.8e-17	-1.54e-01	4.0e-01	8.0e-03	4000	237	>1.3e+01	3.45e-01	2.0e-02	>1.1e-03	-5.81e+00	5.9e-02	>1.5e-02	-1.208e+03	1.2e+01	>3.2e+00	-2.774e+04	2.8e+02	>7.3e+01	5.98	1.3e-01	4.97e+01	1.1e+00	2.46e+00	5.4e-02	1.72e-20	3.8e-22
NaAlSi3O8_T4_nvt_a23.0.outcar.umd.dat	4811	0.57	5.8e-15	2.6e-16	-1.34e-01	3.5e-01	7.2e-03	4001	209	>9.5e+00	3.45e-01	1.8e-02	>8.2e-04	-5.81e+00	4.8e-02	>1.2e-02	-1.209e+03	1.0e+01	>2.5e+00	-2.776e+04	2.3e+02	>5.7e+01	4.09	6.2e-02	3.40e+01	5.2e-01	1.68e+00	2.6e-02	1.17e-20	1.8e-22
NaAlSi3O8_T5.5_nvt_a15.0.outcar.umd.dat	4499	2.06	1.5e-13	3.3e-16	2.75e+00	1.4e+00	2.9e-02	5500	310	>1.8e+01	4.74e-01	2.7e-02	>1.6e-03	-5.45e+00	7.5e-02	>1.4e-02	-1.134e+03	1.6e+01	>3.0e+00	-2.603e+04	3.6e+02	>6.9e+01	5.15	1.1e-01	4.28e+01	9.2e-01	2.12e+00	4.6e-02	1.48e-20	3.2e-22
NaAlSi3O8_T5.5_nvt_a16.0.outcar.umd.dat	4499	1.70	2.1e-14	4.2e-16	1.12e+00	1.1e+00	2.4e-02	5501	293	>1.8e+01	4.74e-01	2.5e-02	>1.6e-03	-5.34e+00	6.1e-02	>1.2e-02	-1.111e+03	1.3e+01	>2.4e+00	-2.552e+04	2.9e+02	>5.5e+01	3.39	5.9e-02	2.82e+01	4.9e-01	1.40e+00	2.4e-02	9.73e-21	1.7e-22
NaAlSi3O8_T5.5_nvt_a17.0.outcar.umd.dat	4499	1.42	9.7e-14	2.2e-16	3.70e-01	8.8e-01	1.9e-02	5501	301	>1.8e+01	4.74e-01	2.6e-02	>1.6e-03	-5.28e+00	6.1e-02	>1.9e-02	-1.099e+03	1.3e+01	>3.9e+00	-2.523e+04	2.9e+02	>9.0e+01	3.47	7.3e-02	2.88e+01	6.1e-01	1.43e+00	3.0e-02	9.96e-21	2.1e-22
NaAlSi3O8_T5.5_nvt_a18.0.outcar.umd.dat	4545	1.19	1.8e-14	5.2e-16	7.71e-02	8.0e-01	1.7e-02	5498	315	>2.1e+01	4.74e-01	2.7e-02	>1.8e-03	-5.22e+00	7.1e-02	>4.2e-02	-1.085e+03	1.5e+01	>8.7e+00	-2.491e+04	3.4e+02	>2.0e+02	4.65	9.4e-02	3.86e+01	7.8e-01	1.92e+00	3.9e-02	1.33e-20	2.7e-22
NaAlSi3O8_T5.5_nvt_a19.0.outcar.umd.dat	5081	1.02	3.6e-14	8.0e-16	1.08e-01	6.4e-01	1.3e-02	5500	329	>1.9e+01	4.74e-01	2.8e-02	>1.6e-03	-5.18e+00	6.6e-02	>9.6e-03	-1.077e+03	1.4e+01	>2.0e+00	-2.474e+04	3.1e+02	>4.6e+01	3.99	7.3e-02	3.32e+01	6.0e-01	1.65e+00	3.0e-02	1.15e-20	2.1e-22
NaAlSi3O8_T5.5_nvt_a20.0.outcar.umd.dat	4999	0.87	6.9e-14	8.8e-16	5.20e-02	5.7e-01	1.1e-02	5500	314	>1.9e+01	4.74e-01	2.7e-02	>1.6e-03	-5.11e+00	8.4e-02	>2.5e-02	-1.063e+03	1.7e+01	>5.2e+00	-2.441e+04	4.0e+02	>1.2e+02	6.52	1.5e-01	5.42e+01	1.2e+00	2.69e+00	6.0e-02	1.87e-20	4.2e-22
NaAlSi3O8_T5.5_nvt_a21.0.outcar.umd.dat	4499	0.75	3.9e-14	6.5e-16	5.83e-02	4.8e-01	1.0e-02	5500	330	>2.2e+01	4.74e-01	2.8e-02	>1.9e-03	-5.02e+00	7.6e-02	>3.0e-02	-1.044e+03	1.6e+01	>6.2e+00	-2.397e+04	3.6e+02	>1.4e+02	5.36	1.0e-01	4.46e+01	8.6e-01	2.21e+00	4.3e-02	1.54e-20	3.0e-22
NaAlSi3O8_T5.5_nvt_a22.0.outcar.umd.dat	4499	0.65	3.4e-15	7.0e-17	4.90e-02	4.2e-01	8.8e-03	5498	319	>2.1e+01	4.74e-01	2.8e-02	>1.8e-03	-5.07e+00	7.0e-02	>1.9e-02	-1.055e+03	1.5e+01	>3.9e+00	-2.423e+04	3.4e+02	>9.0e+01	4.57	1.0e-01	3.80e+01	8.3e-01	1.88e+00	4.1e-02	1.31e-20	2.9e-22
NaAlSi3O8_T5.5_nvt_a23.0.outcar.umd.dat	4426	0.57	5.4e-15	1.2e-16	1.16e-02	3.6e-01	7.6e-03	5502	297	>5.0e+01	4.74e-01	2.6e-02	>4.3e-03	-4.99e+00	7.4e-02	>1.7e-02	-1.038e+03	1.5e+01	>3.6e+00	-2.384e+04	3.5e+02	>8.3e+01	4.99	1.0e-01	4.15e+01	8.6e-01	2.06e+00	4.2e-02	1.43e-20	3.0e-22
NaAlSi3O8_T5.5_nvt_a24.5.outcar.umd.dat	4459	0.47	1.8e-14	3.5e-16	2.93e-02	3.0e-01	6.4e-03	5502	316	>3.5e+01	4.74e-01	2.7e-02	>3.0e-03	-4.95e+00	6.7e-02	>2.5e-02	-1.030e+03	1.4e+01	>5.1e+00	-2.366e+04	3.2e+02	>1.2e+02	4.19	7.7e-02	3.49e+01	6.4e-01	1.73e+00	3.2e-02	1.20e-20	2.2e-22
NaAlSi3O8_T5.5_nvt_a26.5.outcar.umd.dat	4052	0.37	1.9e-14	3.2e-16	4.40e-02	2.3e-01	5.2e-03	5495	304	>2.2e+01	4.74e-01	2.6e-02	>1.9e-03	-4.96e+00	5.6e-02	>1.3e-02	-1.031e+03	1.2e+01	>2.7e+00	-2.367e+04	2.7e+02	>6.2e+01	2.86	6.8e-02	2.38e+01	5.6e-01	1.18e+00	2.8e-02	8.23e-21	1.9e-22
NaAlSi3O8_T5_nvt_a15.0.outcar.umd.dat	4499	2.06	1.5e-13	3.3e-16	2.31e+00	1.3e+00	2.7e-02	5001	280	>2.9e+01	4.31e-01	2.4e-02	>2.5e-03	-5.64e+00	6.6e-02	>3.0e-02	-1.174e+03	1.4e+01	>6.3e+00	-2.696e+04	3.1e+02	>1.4e+02	4.81	8.3e-02	4.00e+01	6.9e-01	1.98e+00	3.4e-02	1.38e-20	2.4e-22
NaAlSi3O8_T5_nvt_a16.0.outcar.umd.dat	4499	1.70	2.1e-14	4.2e-16	5.95e-01	1.2e+00	2.5e-02	5001	285	>2.7e+01	4.31e-01	2.5e-02	>2.3e-03	-5.58e+00	7.0e-02	>3.6e-02	-1.160e+03	1.5e+01	>7.5e+00	-2.663e+04	3.4e+02	>1.7e+02	5.51	1.2e-01	4.58e+01	9.9e-01	2.27e+00	4.9e-02	1.58e-20	3.4e-22
NaAlSi3O8_T5_nvt_a17.0.outcar.umd.dat	4499	1.42	9.7e-14	2.2e-16	1.18e-01	8.6e-01	1.8e-02	5000	289	>1.6e+01	4.31e-01	2.5e-02	>1.4e-03	-5.49e+00	6.0e-02	>2.6e-02	-1.143e+03	1.2e+01	>5.4e+00	-2.624e+04	2.9e+02	>1.2e+02	3.99	8.4e-02	3.32e+01	7.0e-01	1.65e+00	3.5e-02	1.15e-20	2.4e-22
NaAlSi3O8_T5_nvt_a18.0.outcar.umd.dat	4296	1.19	2.0e-15	3.5e-16	3.31e-02	8.0e-01	1.7e-02	5001	287	>7.6e+01	4.31e-01	2.5e-02	>6.5e-03	-5.44e+00	6.3e-02	>2.1e-02	-1.132e+03	1.3e+01	>4.3e+00	-2.600e+04	3.0e+02	>9.9e+01	4.47	1.1e-01	3.72e+01	9.3e-01	1.84e+00	4.6e-02	1.28e-20	3.2e-22
NaAlSi3O8_T5_nvt_a19.0.outcar.umd.dat	4600	1.02	2.2e-16	7.6e-16	-4.54e-02	6.7e-01	1.4e-02	5000	314	>2.0e+01	4.31e-01	2.7e-02	>1.7e-03	-5.38e+00	7.5e-02	>1.9e-02	-1.119e+03	1.6e+01	>3.9e+00	-2.569e+04	3.6e+02	>9.0e+01	6.26	1.3e-01	5.20e+01	1.1e+00	2.58e+00	5.5e-02	1.80e-20	3.8e-22
NaAlSi3O8_T5_nvt_a20.0.outcar.umd.dat	4499	0.87	6.6e-14	8.1e-16	-6.72e-02	5.7e-01	1.2e-02	5000	279	>1.7e+01	4.31e-01	2.4e-02	>1.5e-03	-5.38e+00	5.7e-02	>1.1e-02	-1.119e+03	1.2e+01	>2.3e+00	-2.569e+04	2.7e+02	>5.3e+01	3.69	7.6e-02	3.07e+01	6.3e-01	1.52e+00	3.1e-02	1.06e-20	2.2e-22
NaAlSi3O8_T5_nvt_a21.0.outcar.umd.dat	5111	0.75	4.0e-14	6.5e-16	-5.74e-02	4.8e-01	9.5e-03	4997	304	>1.9e+01	4.31e-01	2.6e-02	>1.6e-03	-5.34e+00	7.0e-02	>2.8e-02	-1.110e+03	1.5e+01	>5.9e+00	-2.550e+04	3.4e+02	>1.4e+02	5.52	1.3e-01	4.59e+01	1.1e+00	2.28e+00	5.5e-02	1.59e-20	3.8e-22
NaAlSi3O8_T5_nvt_a22.0.outcar.umd.dat	4499	0.65	3.4e-15	7.0e-17	-2.16e-02	4.0e-01	8.4e-03	5001	286	>2.4e+01	4.31e-01	2.5e-02	>2.1e-03	-5.27e+00	5.8e-02	>1.3e-02	-1.097e+03	1.2e+01	>2.8e+00	-2.519e+04	2.8e+02	>6.4e+01	3.81	6.6e-02	3.17e+01	5.5e-01	1.57e+00	2.7e-02	1.10e-20	1.9e-22
NaAlSi3O8_T5_nvt_a23.0.outcar.umd.dat	4127	0.57	1.6e-14	1.2e-17	-1.27e-02	3.6e-01	7.8e-03	4999	273	>1.3e+02	4.31e-01	2.3e-02	>1.1e-02	-5.21e+00	6.4e-02	>2.6e-02	-1.084e+03	1.3e+01	>5.5e+00	-2.488e+04	3.1e+02	>1.3e+02	4.60	8.4e-02	3.82e+01	7.0e-01	1.89e+00	3.5e-02	1.32e-20	2.4e-22
NaAlSi3O8_T5_nvt_a24.5.outcar.umd.dat	4535	0.47	1.5e-14	3.2e-16	-4.57e-03	3.0e-01	6.3e-03	5002	284	>1.9e+01	4.31e-01	2.5e-02	>1.6e-03	-5.18e+00	6.7e-02	>3.6e-02	-1.077e+03	1.4e+01	>7.5e+00	-2.472e+04	3.2e+02	>1.7e+02	5.08	1.2e-01	4.22e+01	1.0e+00	2.09e+00	5.0e-02	1.46e-20	3.5e-22
NaAlSi3O8_T5_nvt_a26.5.outcar.umd.dat	4341	0.37	1.9e-14	3.2e-16	-7.13e-05	2.3e-01	4.9e-03	4998	290	>2.0e+01	4.31e-01	2.5e-02	>1.7e-03	-5.13e+00	7.6e-02	>4.3e-02	-1.067e+03	1.6e+01	>8.9e+00	-2.449e+04	3.6e+02	>2.0e+02	6.48	1.3e-01	5.39e+01	1.1e+00	2.67e+00	5.4e-02	1.86e-20	3.8e-22
NaAlSi3O8_T6_nvt_a15.0.outcar.umd.dat	5499	2.06	1.7e-13	8.2e-16	3.61e+00	1.3e+00	2.6e-02	5999	343	>1.8e+01	5.17e-01	3.0e-02	>1.6e-03	-5.25e+00	7.6e-02	>8.7e-03	-1.092e+03	1.6e+01	>1.8e+00	-2.508e+04	3.6e+02	>4.1e+01	4.52	9.0e-02	3.76e+01	7.5e-01	1.86e+00	3.7e-02	1.30e-20	2.6e-22
NaAlSi3O8_T6_nvt_a16.0.outcar.umd.dat	5499	1.70	9.2e-14	3.9e-16	1.54e+00	1.2e+00	2.2e-02	6000	378	>1.9e+01	5.17e-01	3.3e-02	>1.6e-03	-5.15e+00	8.8e-02	>1.3e-02	-1.071e+03	1.8e+01	>2.6e+00	-2.459e+04	4.2e+02	>6.0e+01	6.05	1.2e-01	5.03e+01	9.6e-01	2.50e+00	4.8e-02	1.74e-20	3.3e-22
NaAlSi3O8_T6_nvt_a17.0.outcar.umd.dat	4064	1.42	7.2e-14	2.5e-17	7.99e-01	9.1e-01	2.0e-02	6000	348	>2.2e+01	5.17e-01	3.0e-02	>1.9e-03	-5.06e+00	6.9e-02	>2.2e-02	-1.051e+03	1.4e+01	>4.6e+00	-2.415e+04	3.3e+02	>1.1e+02	3.72	6.9e-02	3.09e+01	5.7e-01	1.53e+00	2.8e-02	1.07e-20	2.0e-22
NaAlSi3O8_T6_nvt_a18.0.outcar.umd.dat	6266	1.19	9.3e-14	1.1e-15	3.58e-01	7.9e-01	1.4e-02	5991	313	>1.6e+01	5.16e-01	2.7e-02	>1.4e-03	-5.02e+00	7.1e-02	>1.4e-02	-1.043e+03	1.5e+01	>2.9e+00	-2.396e+04	3.4e+02	>6.7e+01	3.87	7.3e-02	3.22e+01	6.1e-01	1.60e+00	3.0e-02	1.11e-20	2.1e-22
NaAlSi3O8_T6_nvt_a19.0.outcar.umd.dat	7526	1.02	1.5e-13	8.5e-16	2.55e-01	6.5e-01	1.1e-02	5994	330	>1.6e+01	5.17e-01	2.8e-02	>1.4e-03	-4.95e+00	8.3e-02	>2.4e-02	-1.031e+03	1.7e+01	>5.0e+00	-2.367e+04	4.0e+02	>1.1e+02	5.35	8.1e-02	4.45e+01	6.7e-01	2.20e+00	3.3e-02	1.54e-20	2.3e-22
NaAlSi3O8_T6_nvt_a20.0.outcar.umd.dat	6071	0.87	7.4e-14	9.6e-16	2.05e-01	5.7e-01	1.0e-02	5994	336	>1.8e+01	5.17e-01	2.9e-02	>1.6e-03	-4.89e+00	6.4e-02	>1.9e-02	-1.018e+03	1.3e+01	>3.9e+00	-2.338e+04	3.1e+02	>9.0e+01	3.22	6.6e-02	2.68e+01	5.5e-01	1.33e+00	2.7e-02	9.24e-21	1.9e-22
NaAlSi3O8_T6_nvt_a21.0.outcar.umd.dat	4711	0.75	4.0e-14	6.5e-16	1.34e-01	5.2e-01	1.1e-02	5994	347	>2.1e+01	5.17e-01	3.0e-02	>1.8e-03	-4.87e+00	7.4e-02	>3.2e-02	-1.012e+03	1.5e+01	>6.7e+00	-2.324e+04	3.5e+02	>1.5e+02	4.28	8.6e-02	3.56e+01	7.1e-01	1.76e+00	3.5e-02	1.23e-20	2.5e-22
NaAlSi3O8_T6_nvt_a22.0.outcar.umd.dat	5018	0.65	3.4e-15	6.9e-17	1.56e-01	4.3e-01	8.6e-03	5991	296	>1.7e+01	5.16e-01	2.6e-02	>1.5e-03	-4.80e+00	7.2e-02	>3.2e-02	-9.983e+02	1.5e+01	>6.6e+00	-2.293e+04	3.4e+02	>1.5e+02	3.98	7.6e-02	3.31e+01	6.3e-01	1.64e+00	3.1e-02	1.14e-20	2.2e-22
NaAlSi3O8_T6_nvt_a23.0.outcar.umd.dat	4004	0.57	2.0e-14	7.7e-17	1.18e-01	3.9e-01	8.8e-03	5990	306	>2.0e+01	5.16e-01	2.6e-02	>1.7e-03	-4.79e+00	8.6e-02	>4.3e-02	-9.965e+02	1.8e+01	>8.9e+00	-2.289e+04	4.1e+02	>2.0e+02	5.80	1.3e-01	4.82e+01	1.1e+00	2.39e+00	5.5e-02	1.67e-20	3.9e-22
NaAlSi3O8_T6_nvt_a24.5.outcar.umd.dat	5134	0.47	5.3e-15	1.1e-16	1.30e-01	3.2e-01	6.3e-03	5990	322	>5.1e+01	5.16e-01	2.8e-02	>4.4e-03	-4.77e+00	6.5e-02	>3.7e-02	-9.924e+02	1.4e+01	>7.8e+00	-2.279e+04	3.1e+02	>1.8e+02	3.30	6.7e-02	2.74e+01	5.6e-01	1.36e+00	2.8e-02	9.48e-21	1.9e-22
NaAlSi3O8_T6_nvt_a26.5.outcar.umd.dat	5100	0.37	2.0e-14	3.2e-16	1.30e-01	2.3e-01	4.6e-03	5990	288	>1.8e+01	5.16e-01	2.5e-02	>1.6e-03	-4.56e+00	9.4e-02	>3.7e-02	-9.490e+02	2.0e+01	>7.7e+00	-2.179e+04	4.5e+02	>1.8e+02	6.92	1.1e-01	5.76e+01	9.5e-01	2.85e+00	4.7e-02	1.99e-20	3.3e-22
NaAlSi3O8_T6.5_nvt_a15.0.outcar.umd.dat	3999	2.06	1.2e-13	1.2e-15	4.31e+00	1.4e+00	3.1e-02	6488	390	>2.3e+01	5.59e-01	3.4e-02	>2.0e-03	-5.06e+00	8.4e-02	>2.6e-02	-1.053e+03	1.7e+01	>5.5e+00	-2.418e+04	4.0e+02	>1.3e+02	4.68	1.0e-01	3.90e+01	8.7e-01	1.93e+00	4.3e-02	1.35e-20	3.0e-22
NaAlSi3O8_T6.5_nvt_a16.0.outcar.umd.dat	3999	1.70	2.1e-14	4.4e-16	2.02e+00	1.2e+00	2.7e-02	6489	400	>2.6e+01	5.59e-01	3.4e-02	>2.2e-03	-4.95e+00	7.7e-02	>9.1e-03	-1.029e+03	1.6e+01	>1.9e+00	-2.363e+04	3.7e+02	>4.4e+01	3.93	7.6e-02	3.27e+01	6.4e-01	1.62e+00	3.2e-02	1.13e-20	2.2e-22
NaAlSi3O8_T6.5_nvt_a17.0.outcar.umd.dat	3999	1.42	6.8e-14	7.0e-17	1.04e+00	1.1e+00	2.4e-02	6490	376	>2.4e+01	5.59e-01	3.2e-02	>2.1e-03	-4.85e+00	7.7e-02	>2.0e-02	-1.009e+03	1.6e+01	>4.2e+00	-2.317e+04	3.7e+02	>9.6e+01	3.95	1.0e-01	3.29e+01	8.4e-01	1.63e+00	4.1e-02	1.14e-20	2.9e-22
NaAlSi3O8_T6.5_nvt_a18.0.outcar.umd.dat	2999	1.20	5.8e-14	3.8e-16	6.45e-01	7.7e-01	2.0e-02	6492	352	>2.4e+01	5.59e-01	3.0e-02	>2.1e-03	-4.79e+00	8.2e-02	>2.0e-02	-9.971e+02	1.7e+01	>4.1e+00	-2.290e+04	3.9e+02	>9.4e+01	4.47	1.4e-01	3.72e+01	1.1e+00	1.84e+00	5.6e-02	1.28e-20	3.9e-22
NaAlSi3O8_T6.5_nvt_a19.0.outcar.umd.dat	4999	1.02	3.0e-14	8.0e-16	4.51e-01	6.9e-01	1.4e-02	6489	367	>2.9e+01	5.59e-01	3.2e-02	>2.5e-03	-4.75e+00	8.5e-02	>5.3e-02	-9.887e+02	1.8e+01	>1.1e+01	-2.270e+04	4.1e+02	>2.5e+02	4.85	8.6e-02	4.03e+01	7.1e-01	2.00e+00	3.5e-02	1.39e-20	2.5e-22
NaAlSi3O8_T6.5_nvt_a20.0.outcar.umd.dat	4999	0.87	6.9e-14	8.8e-16	3.04e-01	5.6e-01	1.1e-02	6488	383	>2.4e+01	5.59e-01	3.3e-02	>2.1e-03	-4.71e+00	7.6e-02	>3.0e-02	-9.788e+02	1.6e+01	>6.2e+00	-2.248e+04	3.6e+02	>1.4e+02	3.80	6.4e-02	3.16e+01	5.3e-01	1.57e+00	2.6e-02	1.09e-20	1.8e-22
NaAlSi3O8_T6.5_nvt_a21.0.outcar.umd.dat	4999	0.75	4.0e-14	6.5e-16	2.93e-01	5.2e-01	1.0e-02	6490	418	>2.7e+01	5.59e-01	3.6e-02	>2.3e-03	-4.60e+00	8.2e-02	>1.3e-02	-9.570e+02	1.7e+01	>2.6e+00	-2.198e+04	3.9e+02	>6.0e+01	4.43	9.0e-02	3.69e+01	7.5e-01	1.83e+00	3.7e-02	1.27e-20	2.6e-22
NaAlSi3O8_T6.5_nvt_a22.0.outcar.umd.dat	4999	0.65	3.4e-15	6.9e-17	2.48e-01	4.3e-01	8.6e-03	6486	381	>2.4e+01	5.59e-01	3.3e-02	>2.1e-03	-4.58e+00	6.5e-02	>1.1e-02	-9.525e+02	1.4e+01	>2.2e+00	-2.187e+04	3.1e+02	>5.1e+01	2.82	5.2e-02	2.35e+01	4.3e-01	1.16e+00	2.1e-02	8.11e-21	1.5e-22
NaAlSi3O8_T6.5_nvt_a23.0.outcar.umd.dat	4999	0.57	1.1e-14	3.1e-16	2.12e-01	3.8e-01	7.6e-03	6489	369	>2.3e+01	5.59e-01	3.2e-02	>2.0e-03	-4.52e+00	7.4e-02	>1.2e-02	-9.396e+02	1.5e+01	>2.4e+00	-2.158e+04	3.5e+02	>5.5e+01	3.63	6.3e-02	3.02e+01	5.2e-01	1.50e+00	2.6e-02	1.04e-20	1.8e-22
NaAlSi3O8_T6.5_nvt_a24.5.outcar.umd.dat	4676	0.47	9.9e-15	2.7e-16	1.73e-01	2.9e-01	6.0e-03	6490	366	>3.5e+01	5.59e-01	3.2e-02	>3.0e-03	-4.49e+00	7.0e-02	>9.1e-03	-9.341e+02	1.4e+01	>1.9e+00	-2.145e+04	3.3e+02	>4.4e+01	3.20	6.0e-02	2.66e+01	5.0e-01	1.32e+00	2.5e-02	9.20e-21	1.7e-22
NaAlSi3O8_T6.5_nvt_a26.5.outcar.umd.dat	3999	0.37	1.9e-14	3.2e-16	1.74e-01	2.4e-01	5.3e-03	6487	347	>2.6e+01	5.59e-01	3.0e-02	>2.2e-03	-4.38e+00	7.5e-02	>1.3e-02	-9.113e+02	1.6e+01	>2.6e+00	-2.093e+04	3.6e+02	>6.0e+01	3.78	8.1e-02	3.14e+01	6.7e-01	1.56e+00	3.3e-02	1.09e-20	2.3e-22
