elements	Na	Al	Si	O
number	16	16	48	128
file	nsteps	Density(g/cm3)	stdev_rho	err_rho	Pressure(GPa)	stdev_P	err_P	Temperature(K)	stdev_T	err_T	Temperature(eV)	stdev_T	err_T	InternEnergy(eV/atm)	stdev_E	err_E	InternEnergy(eV/unitcell)	stdev_E	err_E	InternEnergy(J/g)	stdev_E	err_E	Cvm(Nkb)	stdev_Cvm	Cvm(J/K/mol)	stdev_Cvm	Cvm(J/K/g)	stdev_Cvm	Cv(J/K/unitcell)	stdev_Cv
NaAlSi3O8_T1.932_nvt_rho2.585_hard.outcar.umd.dat	4425	2.58	2.2e-13	6.9e-16	4.12e+00	1.0e+00	2.2e-02	1927	118	>1.6e+01	1.66e-01	1.0e-02	>1.4e-03	-6.90e+00	2.5e-02	2.6e-03	-1.435e+03	5.3e+00	5.4e-01	-3.295e+04	1.2e+02	1.2e+01	4.84	1.1e-01	4.02e+01	9.2e-01	1.99e+00	4.6e-02	1.39e-20	3.2e-22
NaAlSi3O8_T10_nvt_a10.18_hard.outcar.umd.dat	2250	6.60	2.3e-13	2.3e-15	4.05e+02	5.4e+00	6.4e-01	9999	624	>9.1e+01	8.62e-01	5.4e-02	>7.8e-03	-1.35e+00	1.2e-01	>1.5e-02	-2.803e+02	2.5e+01	>3.2e+00	-6.438e+03	5.8e+02	>7.3e+01	4.15	1.3e-01	3.45e+01	1.1e+00	1.71e+00	5.4e-02	1.19e-20	3.8e-22
NaAlSi3O8_T10_nvt_a10.5_hard.outcar.umd.dat	2250	6.02	2.8e-14	7.7e-16	3.08e+02	4.4e+00	5.4e-01	9999	548	>4.2e+01	8.62e-01	4.7e-02	>3.6e-03	-2.08e+00	1.1e-01	>1.5e-02	-4.320e+02	2.3e+01	>3.1e+00	-9.922e+03	5.3e+02	>7.1e+01	3.48	1.0e-01	2.89e+01	8.4e-01	1.43e+00	4.2e-02	9.98e-21	2.9e-22
NaAlSi3O8_T10_nvt_a10.75_hard.outcar.umd.dat	2250	5.61	1.4e-13	3.2e-15	2.51e+02	5.3e+00	6.6e-01	9989	535	>7.0e+01	8.61e-01	4.6e-02	>6.0e-03	-2.42e+00	1.3e-01	>5.8e-02	-5.035e+02	2.8e+01	>1.2e+01	-1.156e+04	6.4e+02	>2.8e+02	5.02	1.4e-01	4.17e+01	1.1e+00	2.07e+00	5.6e-02	1.44e-20	3.9e-22
NaAlSi3O8_T10_nvt_a11.0_hard.outcar.umd.dat	2750	5.23	2.5e-13	3.6e-15	2.03e+02	4.5e+00	5.7e-01	9980	528	>4.0e+01	8.60e-01	4.6e-02	>3.4e-03	-2.83e+00	1.3e-01	>3.0e-02	-5.878e+02	2.7e+01	>6.2e+00	-1.350e+04	6.1e+02	>1.4e+02	4.64	1.2e-01	3.85e+01	1.0e+00	1.91e+00	4.9e-02	1.33e-20	3.4e-22
NaAlSi3O8_T10_nvt_a11.1_hard.outcar.umd.dat	2750	5.09	3.3e-13	1.2e-15	1.87e+02	3.8e+00	3.6e-01	9994	577	>4.6e+01	8.61e-01	5.0e-02	>4.0e-03	-2.88e+00	1.2e-01	>4.3e-02	-6.000e+02	2.5e+01	>9.0e+00	-1.378e+04	5.8e+02	>2.1e+02	4.20	1.1e-01	3.49e+01	8.9e-01	1.73e+00	4.4e-02	1.21e-20	3.1e-22
NaAlSi3O8_T10_nvt_a11.55_hard.outcar.umd.dat	2511	4.52	2.0e-13	1.4e-15	1.30e+02	3.6e+00	3.5e-01	10000	559	>4.5e+01	8.62e-01	4.8e-02	>3.9e-03	-3.29e+00	1.1e-01	>1.8e-02	-6.839e+02	2.3e+01	>3.7e+00	-1.571e+04	5.4e+02	>8.5e+01	3.56	9.0e-02	2.96e+01	7.5e-01	1.47e+00	3.7e-02	1.02e-20	2.6e-22
NaAlSi3O8_T10_nvt_a11.85_hard.outcar.umd.dat	2670	4.19	9.1e-14	2.2e-15	1.02e+02	3.3e+00	3.1e-01	9984	620	>6.4e+01	8.60e-01	5.3e-02	>5.5e-03	-3.46e+00	1.3e-01	>3.0e-02	-7.197e+02	2.6e+01	>6.3e+00	-1.653e+04	6.0e+02	>1.4e+02	4.42	1.2e-01	3.67e+01	1.0e+00	1.82e+00	5.1e-02	1.27e-20	3.6e-22
NaAlSi3O8_T10_nvt_a12.4_hard.outcar.umd.dat	2282	3.65	2.3e-13	1.4e-16	6.70e+01	2.8e+00	2.2e-01	9992	518	>4.9e+01	8.61e-01	4.5e-02	>4.2e-03	-3.61e+00	1.2e-01	>2.8e-02	-7.510e+02	2.4e+01	>5.9e+00	-1.725e+04	5.6e+02	>1.4e+02	3.79	8.0e-02	3.15e+01	6.6e-01	1.56e+00	3.3e-02	1.09e-20	2.3e-22
NaAlSi3O8_T10_nvt_a13.4_hard.outcar.umd.dat	1862	2.90	5.8e-15	7.0e-16	3.26e+01	2.2e+00	1.9e-01	9984	517	>5.5e+01	8.60e-01	4.5e-02	>4.7e-03	-3.67e+00	1.1e-01	>2.5e-02	-7.627e+02	2.4e+01	>5.3e+00	-1.752e+04	5.5e+02	>1.2e+02	3.65	1.1e-01	3.03e+01	9.0e-01	1.50e+00	4.5e-02	1.05e-20	3.1e-22
NaAlSi3O8_T15_nvt_a10.0_hard.outcar.umd.dat	2036	6.97	1.5e-13	3.4e-15	5.39e+02	5.9e+00	>9.8e-01	14998	802	>5.8e+01	1.29e+00	6.9e-02	>5.0e-03	1.25e+00	1.4e-01	>3.4e-02	2.595e+02	2.9e+01	>7.1e+00	5.960e+03	6.6e+02	>1.6e+02	2.39	6.5e-02	1.99e+01	5.4e-01	9.87e-01	2.7e-02	6.88e-21	1.9e-22
NaAlSi3O8_T15_nvt_a10.18_hard.outcar.umd.dat	2175	6.60	2.2e-13	2.2e-15	4.67e+02	6.0e+00	6.0e-01	14991	745	>5.4e+01	1.29e+00	6.4e-02	>4.7e-03	7.61e-01	1.7e-01	>3.0e-02	1.583e+02	3.6e+01	>6.2e+00	3.635e+03	8.2e+02	>1.4e+02	3.64	9.3e-02	3.03e+01	7.7e-01	1.50e+00	3.8e-02	1.05e-20	2.7e-22
NaAlSi3O8_T15_nvt_a10.5_hard.outcar.umd.dat	2250	6.02	2.8e-14	7.7e-16	3.62e+02	5.8e+00	7.0e-01	15000	775	>5.7e+01	1.29e+00	6.7e-02	>4.9e-03	-6.40e-02	1.8e-01	>2.2e-02	-1.332e+01	3.7e+01	>4.5e+00	-3.058e+02	8.4e+02	>1.0e+02	3.83	1.1e-01	3.19e+01	8.9e-01	1.58e+00	4.4e-02	1.10e-20	3.1e-22
NaAlSi3O8_T15_nvt_a10.7_hard.outcar.umd.dat	2191	5.69	9.2e-14	2.5e-15	3.11e+02	6.1e+00	>3.2e+00	14975	882	>1.2e+02	1.29e+00	7.6e-02	>1.0e-02	-4.65e-01	1.8e-01	>6.2e-02	-9.677e+01	3.8e+01	>1.3e+01	-2.222e+03	8.7e+02	>3.0e+02	4.12	1.3e-01	3.42e+01	1.0e+00	1.70e+00	5.2e-02	1.18e-20	3.6e-22
NaAlSi3O8_T15_nvt_a11.2_hard.outcar.umd.dat	2267	4.96	1.1e-13	3.0e-15	2.13e+02	5.0e+00	5.9e-01	14984	787	>6.2e+01	1.29e+00	6.8e-02	>5.3e-03	-1.16e+00	1.6e-01	>2.2e-02	-2.407e+02	3.4e+01	>4.6e+00	-5.527e+03	7.7e+02	>1.1e+02	3.27	9.6e-02	2.72e+01	8.0e-01	1.35e+00	4.0e-02	9.40e-21	2.8e-22
NaAlSi3O8_T15_nvt_a11.4_hard.outcar.umd.dat	2047	4.70	1.0e-13	1.4e-15	1.84e+02	4.9e+00	>8.8e-01	14982	899	>7.1e+01	1.29e+00	7.7e-02	>6.1e-03	-1.39e+00	1.6e-01	>2.0e-02	-2.885e+02	3.3e+01	>4.1e+00	-6.625e+03	7.5e+02	>9.4e+01	3.10	9.9e-02	2.58e+01	8.2e-01	1.28e+00	4.1e-02	8.90e-21	2.8e-22
NaAlSi3O8_T15_nvt_a12.4_hard.outcar.umd.dat	2337	3.65	2.3e-13	4.5e-16	9.24e+01	2.9e+00	2.3e-01	14982	765	>8.5e+01	1.29e+00	6.6e-02	>7.3e-03	-1.93e+00	1.3e-01	>3.9e-02	-4.016e+02	2.6e+01	>8.1e+00	-9.224e+03	6.1e+02	>1.9e+02	2.00	5.7e-02	1.66e+01	4.8e-01	8.25e-01	2.4e-02	5.75e-21	1.6e-22
NaAlSi3O8_T15_nvt_a13.4_hard.outcar.umd.dat	2094	2.90	3.5e-14	1.2e-15	5.00e+01	2.8e+00	3.0e-01	14989	889	>3.3e+02	1.29e+00	7.7e-02	>2.8e-02	-2.05e+00	1.5e-01	>7.2e-02	-4.267e+02	3.2e+01	>1.5e+01	-9.800e+03	7.4e+02	>3.4e+02	2.95	8.3e-02	2.45e+01	6.9e-01	1.22e+00	3.4e-02	8.47e-21	2.4e-22
NaAlSi3O8_T20_nvt_a10.1_hard.outcar.umd.dat	2600	6.76	1.6e-13	1.7e-15	5.52e+02	8.2e+00	>1.7e+00	19964	1068	>6.8e+01	1.72e+00	9.2e-02	>5.9e-03	2.85e+00	2.0e-01	>3.7e-02	5.919e+02	4.1e+01	>7.6e+00	1.359e+04	9.4e+02	>1.7e+02	2.71	7.9e-02	2.25e+01	6.6e-01	1.12e+00	3.3e-02	7.78e-21	2.3e-22
NaAlSi3O8_T20_nvt_a10.7_hard.outcar.umd.dat	1781	5.69	9.0e-14	2.6e-15	3.55e+02	6.2e+00	6.4e-01	19977	1143	>9.0e+01	1.72e+00	9.8e-02	>7.8e-03	1.34e+00	2.0e-01	>2.8e-02	2.790e+02	4.1e+01	>5.9e+00	6.407e+03	9.4e+02	>1.4e+02	2.68	8.4e-02	2.23e+01	7.0e-01	1.11e+00	3.5e-02	7.71e-21	2.4e-22
NaAlSi3O8_T20_nvt_a11.1_hard.outcar.umd.dat	2656	5.09	3.1e-13	1.3e-15	2.68e+02	5.6e+00	5.0e-01	19980	1088	>7.3e+01	1.72e+00	9.4e-02	>6.3e-03	6.91e-01	2.0e-01	>1.7e-02	1.436e+02	4.1e+01	>3.6e+00	3.298e+03	9.5e+02	>8.3e+01	2.78	8.2e-02	2.31e+01	6.8e-01	1.15e+00	3.4e-02	7.98e-21	2.4e-22
NaAlSi3O8_T20_nvt_a11.6_hard.outcar.umd.dat	2331	4.46	5.0e-14	1.2e-15	1.92e+02	5.4e+00	5.1e-01	19987	1242	>2.6e+02	1.72e+00	1.1e-01	>2.2e-02	1.52e-01	2.0e-01	>6.7e-02	3.167e+01	4.3e+01	>1.4e+01	7.274e+02	9.8e+02	>3.2e+02	2.92	7.4e-02	2.43e+01	6.2e-01	1.20e+00	3.1e-02	8.38e-21	2.1e-22
NaAlSi3O8_T20_nvt_a12.1_hard.outcar.umd.dat	1300	3.93	6.2e-15	2.4e-16	1.40e+02	3.9e+00	5.1e-01	19993	1063	>1.8e+02	1.72e+00	9.2e-02	>1.6e-02	-1.88e-01	1.7e-01	>2.3e-02	-3.913e+01	3.6e+01	>4.8e+00	-8.987e+02	8.3e+02	>1.1e+02	2.09	9.1e-02	1.74e+01	7.5e-01	8.62e-01	3.7e-02	6.00e-21	2.6e-22
NaAlSi3O8_T20_nvt_a12.1_hard_old.outcar.umd.dat	2335	3.93	9.1e-14	1.8e-16	1.40e+02	4.4e+00	4.1e-01	19984	1276	>1.0e+02	1.72e+00	1.1e-01	>8.6e-03	-1.66e-01	2.0e-01	>2.6e-02	-3.453e+01	4.2e+01	>5.5e+00	-7.929e+02	9.6e+02	>1.3e+02	2.84	9.1e-02	2.36e+01	7.6e-01	1.17e+00	3.8e-02	8.16e-21	2.6e-22
NaAlSi3O8_T20_nvt_a13.4_hard.outcar.umd.dat	847	2.90	5.3e-15	1.1e-15	6.81e+01	2.2e+00	2.7e-01	20032	838	>9.9e+01	1.73e+00	7.2e-02	>8.5e-03	-4.29e-01	1.1e-01	>1.7e-02	-8.928e+01	2.4e+01	>3.5e+00	-2.050e+03	5.4e+02	>8.0e+01	0.89	3.8e-02	7.39e+00	3.2e-01	3.66e-01	1.6e-02	2.55e-21	1.1e-22
NaAlSi3O8_T20_nvt_a13.4_hard_old.outcar.umd.dat	2252	2.90	5.2e-14	1.5e-15	6.85e+01	3.1e+00	3.1e-01	19982	1110	>9.8e+01	1.72e+00	9.6e-02	>8.4e-03	-4.32e-01	1.8e-01	>2.1e-02	-8.992e+01	3.7e+01	>4.3e+00	-2.065e+03	8.5e+02	>9.9e+01	2.23	6.6e-02	1.85e+01	5.5e-01	9.18e-01	2.7e-02	6.39e-21	1.9e-22
NaAlSi3O8_T3_nvt_a10.5_hard.outcar.umd.dat	9202	6.02	1.5e-12	4.2e-16	2.35e+02	2.1e+00	5.9e-02	3000	180	>6.5e+00	2.59e-01	1.6e-02	>5.6e-04	-4.70e+00	3.5e-02	1.1e-03	-9.766e+02	7.3e+00	2.3e-01	-2.243e+04	1.7e+02	5.3e+00	3.87	5.1e-02	3.21e+01	4.2e-01	1.59e+00	2.1e-02	1.11e-20	1.5e-22
NaAlSi3O8_T3_nvt_a10.75_hard.outcar.umd.dat	7821	5.61	1.6e-13	2.5e-15	1.79e+02	2.2e+00	1.3e-01	3000	162	>6.0e+00	2.59e-01	1.4e-02	>5.2e-04	-5.16e+00	3.2e-02	>7.7e-03	-1.074e+03	6.6e+00	>1.6e+00	-2.466e+04	1.5e+02	>3.7e+01	3.15	5.2e-02	2.62e+01	4.3e-01	1.30e+00	2.1e-02	9.05e-21	1.5e-22
NaAlSi3O8_T3_nvt_a11.0_hard.outcar.umd.dat	9119	5.23	8.0e-13	4.5e-15	1.35e+02	1.9e+00	5.5e-02	2986	169	>6.1e+00	2.57e-01	1.5e-02	>5.3e-04	-5.52e+00	3.3e-02	1.0e-03	-1.148e+03	6.8e+00	2.1e-01	-2.637e+04	1.6e+02	4.8e+00	3.33	5.3e-02	2.77e+01	4.4e-01	1.37e+00	2.2e-02	9.56e-21	1.5e-22
NaAlSi3O8_T3_nvt_a11.5_hard.outcar.umd.dat	7174	4.58	7.9e-13	1.7e-15	7.62e+01	1.6e+00	3.8e-02	2988	177	>2.1e+01	2.58e-01	1.5e-02	>1.8e-03	-6.01e+00	3.4e-02	>6.7e-03	-1.250e+03	7.1e+00	>1.4e+00	-2.871e+04	1.6e+02	>3.2e+01	3.66	5.9e-02	3.04e+01	4.9e-01	1.51e+00	2.4e-02	1.05e-20	1.7e-22
NaAlSi3O8_T3_nvt_a11.75_hard.outcar.umd.dat	9558	4.29	1.0e-12	4.3e-15	5.83e+01	2.0e+00	9.7e-02	2989	164	>6.1e+00	2.58e-01	1.4e-02	>5.3e-04	-6.12e+00	3.4e-02	2.0e-03	-1.273e+03	7.2e+00	4.1e-01	-2.924e+04	1.6e+02	9.4e+00	3.72	6.1e-02	3.09e+01	5.1e-01	1.53e+00	2.5e-02	1.07e-20	1.7e-22
NaAlSi3O8_T3_nvt_a12.0_hard.outcar.umd.dat	5379	4.03	4.3e-13	2.0e-15	4.35e+01	2.1e+00	2.4e-01	2989	170	>1.7e+01	2.58e-01	1.5e-02	>1.5e-03	-6.22e+00	3.2e-02	>9.6e-03	-1.294e+03	6.6e+00	>2.0e+00	-2.972e+04	1.5e+02	>4.6e+01	3.17	5.8e-02	2.63e+01	4.8e-01	1.31e+00	2.4e-02	9.10e-21	1.7e-22
NaAlSi3O8_T3_nvt_a12.25_hard.outcar.umd.dat	6957	3.79	5.9e-13	5.3e-15	3.34e+01	2.0e+00	9.0e-02	2991	169	>7.6e+00	2.58e-01	1.5e-02	>6.5e-04	-6.29e+00	3.5e-02	>1.0e-02	-1.308e+03	7.3e+00	>2.1e+00	-3.003e+04	1.7e+02	>4.8e+01	3.88	6.6e-02	3.23e+01	5.5e-01	1.60e+00	2.7e-02	1.11e-20	1.9e-22
NaAlSi3O8_T3_nvt_a12.5_hard.outcar.umd.dat	5280	3.57	5.1e-13	2.2e-15	2.61e+01	1.8e+00	6.8e-02	2991	179	>9.6e+00	2.58e-01	1.5e-02	>8.3e-04	-6.33e+00	4.1e-02	>6.3e-03	-1.317e+03	8.4e+00	>1.3e+00	-3.025e+04	1.9e+02	>3.0e+01	5.13	1.2e-01	4.27e+01	9.9e-01	2.12e+00	4.9e-02	1.47e-20	3.4e-22
NaAlSi3O8_T3_nvt_a14.5_hard.outcar.umd.dat	6290	2.28	1.2e-13	1.7e-15	1.92e+00	1.2e+00	2.1e-02	2993	166	>1.5e+01	2.58e-01	1.4e-02	>1.3e-03	-6.54e+00	3.5e-02	>1.3e-02	-1.360e+03	7.3e+00	>2.7e+00	-3.123e+04	1.7e+02	>6.2e+01	3.80	6.1e-02	3.16e+01	5.1e-01	1.57e+00	2.5e-02	1.09e-20	1.8e-22
NaAlSi3O8_T3_nvt_a14.6_hard.outcar.umd.dat	3265	2.24	1.7e-13	6.6e-16	1.76e+00	1.2e+00	2.9e-02	2991	187	>1.4e+01	2.58e-01	1.6e-02	>1.2e-03	-6.55e+00	3.8e-02	4.1e-03	-1.363e+03	7.9e+00	8.6e-01	-3.131e+04	1.8e+02	2.0e+01	4.54	9.4e-02	3.78e+01	7.8e-01	1.87e+00	3.9e-02	1.30e-20	2.7e-22
NaAlSi3O8_T3_nvt_rho2.26_hard.outcar.umd.dat	2172	2.26	1.2e-13	8.9e-16	2.04e+00	1.1e+00	3.2e-02	2993	165	>1.4e+01	2.58e-01	1.4e-02	>1.2e-03	-6.53e+00	3.6e-02	>5.3e-03	-1.358e+03	7.6e+00	>1.1e+00	-3.118e+04	1.7e+02	>2.5e+01	4.14	1.2e-01	3.44e+01	9.7e-01	1.71e+00	4.8e-02	1.19e-20	3.4e-22
NaAlSi3O8_T4_nvt_a10.5_hard.outcar.umd.dat	8768	6.02	1.4e-12	4.3e-16	2.41e+02	2.6e+00	1.0e-01	4000	226	>7.3e+00	3.45e-01	1.9e-02	>6.3e-04	-4.41e+00	4.2e-02	1.3e-03	-9.175e+02	8.7e+00	2.8e-01	-2.107e+04	2.0e+02	6.4e+00	3.03	4.7e-02	2.52e+01	3.9e-01	1.25e+00	1.9e-02	8.71e-21	1.3e-22
NaAlSi3O8_T4_nvt_a10.75_hard.outcar.umd.dat	8093	5.61	1.7e-13	2.4e-15	1.87e+02	2.5e+00	1.0e-01	4001	238	>8.3e+00	3.45e-01	2.0e-02	>7.2e-04	-4.85e+00	4.7e-02	>9.6e-03	-1.010e+03	9.8e+00	>2.0e+00	-2.319e+04	2.3e+02	>4.6e+01	3.88	6.4e-02	3.23e+01	5.3e-01	1.60e+00	2.6e-02	1.12e-20	1.8e-22
NaAlSi3O8_T4_nvt_a11.0_hard.outcar.umd.dat	7246	5.23	1.6e-13	4.7e-15	1.45e+02	2.6e+00	>1.0e+00	3981	227	>8.5e+00	3.43e-01	2.0e-02	>7.3e-04	-5.18e+00	4.8e-02	>2.1e-02	-1.078e+03	1.0e+01	>4.3e+00	-2.475e+04	2.3e+02	>9.9e+01	4.13	6.5e-02	3.44e+01	5.4e-01	1.70e+00	2.7e-02	1.19e-20	1.9e-22
NaAlSi3O8_T4_nvt_a11.5_hard.outcar.umd.dat	5330	4.58	4.8e-13	2.0e-15	8.53e+01	2.3e+00	1.2e-01	3984	219	>9.1e+00	3.43e-01	1.9e-02	>7.8e-04	-5.63e+00	4.2e-02	>6.3e-03	-1.171e+03	8.7e+00	>1.3e+00	-2.689e+04	2.0e+02	>3.0e+01	3.11	6.0e-02	2.59e+01	5.0e-01	1.28e+00	2.5e-02	8.94e-21	1.7e-22
NaAlSi3O8_T4_nvt_a11.6_hard.outcar.umd.dat	6080	4.46	5.5e-14	9.5e-16	7.63e+01	2.2e+00	1.0e-01	3985	233	>1.0e+01	3.43e-01	2.0e-02	>8.6e-04	-5.68e+00	4.4e-02	3.0e-03	-1.182e+03	9.2e+00	6.2e-01	-2.715e+04	2.1e+02	1.4e+01	3.46	5.7e-02	2.87e+01	4.7e-01	1.43e+00	2.3e-02	9.93e-21	1.6e-22
NaAlSi3O8_T4_nvt_a11.75_hard.outcar.umd.dat	6299	4.29	6.5e-13	1.2e-15	6.55e+01	2.2e+00	7.7e-02	3985	226	>9.3e+00	3.43e-01	1.9e-02	>8.0e-04	-5.77e+00	4.6e-02	>9.1e-03	-1.199e+03	9.6e+00	>1.9e+00	-2.754e+04	2.2e+02	>4.4e+01	3.71	6.5e-02	3.09e+01	5.4e-01	1.53e+00	2.7e-02	1.07e-20	1.9e-22
NaAlSi3O8_T4_nvt_a12.0_hard.outcar.umd.dat	5396	4.03	4.3e-13	2.0e-15	5.08e+01	2.4e+00	1.2e-01	3988	239	>1.1e+01	3.44e-01	2.1e-02	>9.5e-04	-5.85e+00	5.3e-02	>7.7e-03	-1.217e+03	1.1e+01	>1.6e+00	-2.796e+04	2.5e+02	>3.7e+01	4.95	9.7e-02	4.12e+01	8.1e-01	2.04e+00	4.0e-02	1.42e-20	2.8e-22
NaAlSi3O8_T4_nvt_a12.25_hard.outcar.umd.dat	5741	3.79	5.3e-13	3.6e-15	3.90e+01	2.1e+00	1.0e-01	3989	213	>1.3e+01	3.44e-01	1.8e-02	>1.1e-03	-5.94e+00	4.7e-02	3.4e-03	-1.236e+03	9.8e+00	7.1e-01	-2.837e+04	2.2e+02	1.6e+01	3.89	7.0e-02	3.23e+01	5.8e-01	1.60e+00	2.9e-02	1.12e-20	2.0e-22
NaAlSi3O8_T4_nvt_a12.5_hard.outcar.umd.dat	5256	3.57	5.0e-13	2.1e-15	3.00e+01	2.0e+00	7.4e-02	3989	229	>1.7e+01	3.44e-01	2.0e-02	>1.5e-03	-5.99e+00	5.2e-02	>1.4e-02	-1.246e+03	1.1e+01	>3.0e+00	-2.861e+04	2.5e+02	>6.9e+01	4.66	8.8e-02	3.88e+01	7.3e-01	1.92e+00	3.6e-02	1.34e-20	2.5e-22
NaAlSi3O8_T4_nvt_a13.0_hard.outcar.umd.dat	4998	3.17	1.9e-13	1.9e-15	1.83e+01	1.8e+00	6.8e-02	3992	219	>1.1e+01	3.44e-01	1.9e-02	>9.5e-04	-6.07e+00	5.4e-02	>1.2e-02	-1.262e+03	1.1e+01	>2.5e+00	-2.897e+04	2.6e+02	>5.7e+01	5.02	9.4e-02	4.18e+01	7.8e-01	2.07e+00	3.9e-02	1.44e-20	2.7e-22
NaAlSi3O8_T5_nvt_a10.5_hard.outcar.umd.dat	8527	6.02	1.3e-12	4.4e-16	2.51e+02	3.0e+00	1.1e-01	5000	273	>3.1e+01	4.31e-01	2.4e-02	>2.7e-03	-4.06e+00	5.9e-02	>3.8e-02	-8.440e+02	1.2e+01	>7.9e+00	-1.938e+04	2.8e+02	>1.8e+02	3.88	5.6e-02	3.23e+01	4.7e-01	1.60e+00	2.3e-02	1.11e-20	1.6e-22
NaAlSi3O8_T5_nvt_a10.75_hard.outcar.umd.dat	7512	5.61	1.6e-13	2.5e-15	1.96e+02	3.0e+00	1.5e-01	5000	283	>9.5e+00	4.31e-01	2.4e-02	>8.2e-04	-4.51e+00	5.8e-02	>1.7e-02	-9.381e+02	1.2e+01	>3.5e+00	-2.154e+04	2.8e+02	>8.0e+01	3.78	5.5e-02	3.14e+01	4.6e-01	1.56e+00	2.3e-02	1.09e-20	1.6e-22
NaAlSi3O8_T5_nvt_a11.0_hard.outcar.umd.dat	7321	5.23	1.9e-13	4.7e-15	1.53e+02	2.9e+00	1.2e-01	4976	277	>9.9e+00	4.29e-01	2.4e-02	>8.5e-04	-4.84e+00	5.8e-02	>8.2e-03	-1.006e+03	1.2e+01	>1.7e+00	-2.310e+04	2.8e+02	>3.9e+01	3.79	6.6e-02	3.15e+01	5.5e-01	1.56e+00	2.7e-02	1.09e-20	1.9e-22
NaAlSi3O8_T5_nvt_a11.35_hard.outcar.umd.dat	4851	4.76	3.2e-13	1.4e-15	1.08e+02	2.7e+00	1.4e-01	4979	282	>1.2e+01	4.29e-01	2.4e-02	>1.0e-03	-5.18e+00	5.5e-02	>5.8e-03	-1.078e+03	1.1e+01	>1.2e+00	-2.476e+04	2.6e+02	>2.8e+01	3.37	7.5e-02	2.80e+01	6.3e-01	1.39e+00	3.1e-02	9.66e-21	2.2e-22
NaAlSi3O8_T5_nvt_a11.5_hard.outcar.umd.dat	5083	4.58	4.2e-13	2.0e-15	9.31e+01	2.6e+00	1.3e-01	4980	283	>1.2e+01	4.29e-01	2.4e-02	>1.0e-03	-5.27e+00	5.9e-02	>6.3e-03	-1.097e+03	1.2e+01	>1.3e+00	-2.519e+04	2.8e+02	>3.0e+01	3.99	7.8e-02	3.31e+01	6.5e-01	1.64e+00	3.2e-02	1.14e-20	2.2e-22
NaAlSi3O8_T5_nvt_a11.6_hard.outcar.umd.dat	5490	4.46	5.5e-14	9.8e-16	8.47e+01	2.6e+00	1.3e-01	4980	285	>1.2e+01	4.29e-01	2.5e-02	>1.0e-03	-5.33e+00	6.0e-02	4.2e-03	-1.110e+03	1.2e+01	8.7e-01	-2.548e+04	2.9e+02	2.0e+01	4.01	8.4e-02	3.34e+01	7.0e-01	1.65e+00	3.5e-02	1.15e-20	2.4e-22
NaAlSi3O8_T5_nvt_a11.75_hard.outcar.umd.dat	5804	4.29	5.5e-13	1.2e-15	7.27e+01	2.4e+00	1.2e-01	4982	276	>1.2e+01	4.29e-01	2.4e-02	>1.0e-03	-5.41e+00	6.2e-02	>1.0e-02	-1.125e+03	1.3e+01	>2.1e+00	-2.584e+04	3.0e+02	>4.8e+01	4.30	7.8e-02	3.58e+01	6.5e-01	1.77e+00	3.2e-02	1.24e-20	2.2e-22
NaAlSi3O8_T5_nvt_a11.9_hard.outcar.umd.dat	6168	4.13	6.4e-13	2.4e-16	6.35e+01	2.4e+00	1.1e-01	4983	288	>3.4e+01	4.29e-01	2.5e-02	>2.9e-03	-5.46e+00	5.7e-02	>1.6e-02	-1.136e+03	1.2e+01	>3.3e+00	-2.610e+04	2.7e+02	>7.6e+01	3.69	6.4e-02	3.06e+01	5.3e-01	1.52e+00	2.6e-02	1.06e-20	1.8e-22
NaAlSi3O8_T5_nvt_a12.0_hard.outcar.umd.dat	5181	4.03	4.2e-13	1.6e-15	5.68e+01	2.3e+00	8.7e-02	4984	282	>1.3e+01	4.29e-01	2.4e-02	>1.1e-03	-5.51e+00	5.9e-02	>1.0e-02	-1.146e+03	1.2e+01	>2.1e+00	-2.631e+04	2.8e+02	>4.8e+01	3.96	7.6e-02	3.30e+01	6.3e-01	1.63e+00	3.1e-02	1.14e-20	2.2e-22
NaAlSi3O8_T5_nvt_a12.5_hard.outcar.umd.dat	5150	3.57	5.0e-13	1.8e-15	3.52e+01	2.1e+00	8.1e-02	4987	280	>3.5e+01	4.30e-01	2.4e-02	>3.0e-03	-5.60e+00	6.2e-02	4.8e-03	-1.164e+03	1.3e+01	1.0e+00	-2.674e+04	2.9e+02	2.3e+01	4.27	7.6e-02	3.55e+01	6.3e-01	1.76e+00	3.1e-02	1.22e-20	2.2e-22
NaAlSi3O8_T5_nvt_a13.0_hard.outcar.umd.dat	4630	3.17	1.8e-13	1.7e-15	2.15e+01	2.0e+00	8.2e-02	4987	299	>1.0e+02	4.30e-01	2.6e-02	>8.6e-03	-5.65e+00	6.8e-02	>2.7e-02	-1.175e+03	1.4e+01	>5.7e+00	-2.699e+04	3.2e+02	>1.3e+02	5.15	1.1e-01	4.29e+01	8.8e-01	2.12e+00	4.4e-02	1.48e-20	3.0e-22
NaAlSi3O8_T6_nvt_a10.5_hard.outcar.umd.dat	8217	6.02	1.2e-12	4.4e-16	2.61e+02	3.6e+00	1.7e-01	6000	344	>5.4e+01	5.17e-01	3.0e-02	>4.7e-03	-3.71e+00	7.5e-02	>1.0e-02	-7.715e+02	1.6e+01	>2.1e+00	-1.772e+04	3.6e+02	>4.8e+01	4.31	6.4e-02	3.59e+01	5.3e-01	1.78e+00	2.6e-02	1.24e-20	1.8e-22
NaAlSi3O8_T6_nvt_a10.75_hard.outcar.umd.dat	7280	5.61	1.6e-13	2.5e-15	2.07e+02	3.4e+00	1.4e-01	6000	336	>1.2e+01	5.17e-01	2.9e-02	>1.0e-03	-4.12e+00	7.7e-02	>1.0e-02	-8.565e+02	1.6e+01	>2.1e+00	-1.967e+04	3.7e+02	>4.8e+01	4.61	7.8e-02	3.84e+01	6.5e-01	1.90e+00	3.2e-02	1.32e-20	2.2e-22
NaAlSi3O8_T6_nvt_a11.0_hard.outcar.umd.dat	5581	5.23	3.2e-13	4.9e-15	1.62e+02	3.3e+00	1.5e-01	5971	337	>1.3e+01	5.15e-01	2.9e-02	>1.1e-03	-4.46e+00	7.2e-02	>1.1e-02	-9.286e+02	1.5e+01	>2.2e+00	-2.133e+04	3.4e+02	>5.1e+01	4.07	7.4e-02	3.38e+01	6.1e-01	1.68e+00	3.0e-02	1.17e-20	2.1e-22
NaAlSi3O8_T6_nvt_a11.35_hard.outcar.umd.dat	4935	4.76	3.3e-13	1.6e-15	1.17e+02	3.0e+00	1.5e-01	5975	335	>1.8e+01	5.15e-01	2.9e-02	>1.6e-03	-4.78e+00	7.8e-02	>1.1e-02	-9.949e+02	1.6e+01	>2.2e+00	-2.285e+04	3.7e+02	>5.1e+01	4.80	9.0e-02	3.99e+01	7.5e-01	1.98e+00	3.7e-02	1.38e-20	2.6e-22
NaAlSi3O8_T6_nvt_a11.5_hard.outcar.umd.dat	4994	4.58	4.0e-13	2.0e-15	1.02e+02	2.9e+00	1.8e-01	5978	320	>1.7e+01	5.15e-01	2.8e-02	>1.5e-03	-4.88e+00	7.1e-02	>1.9e-02	-1.015e+03	1.5e+01	>3.9e+00	-2.331e+04	3.4e+02	>9.0e+01	3.96	7.4e-02	3.30e+01	6.1e-01	1.63e+00	3.0e-02	1.14e-20	2.1e-22
NaAlSi3O8_T6_nvt_a11.6_hard.outcar.umd.dat	4752	4.46	5.4e-14	1.0e-15	9.24e+01	2.8e+00	1.9e-01	5977	335	>1.5e+01	5.15e-01	2.9e-02	>1.3e-03	-4.95e+00	7.2e-02	>1.6e-02	-1.029e+03	1.5e+01	>3.4e+00	-2.363e+04	3.4e+02	>7.8e+01	4.03	8.7e-02	3.35e+01	7.3e-01	1.66e+00	3.6e-02	1.16e-20	2.5e-22
NaAlSi3O8_T6_nvt_a11.75_hard.outcar.umd.dat	5608	4.29	5.1e-13	1.2e-15	8.03e+01	2.7e+00	1.3e-01	5978	332	>1.4e+01	5.15e-01	2.9e-02	>1.2e-03	-5.03e+00	7.6e-02	>1.3e-02	-1.047e+03	1.6e+01	>2.6e+00	-2.404e+04	3.6e+02	>6.0e+01	4.48	7.3e-02	3.72e+01	6.0e-01	1.85e+00	3.0e-02	1.29e-20	2.1e-22
NaAlSi3O8_T6_nvt_a11.85_hard.outcar.umd.dat	5780	4.19	4.9e-13	1.7e-15	7.34e+01	2.6e+00	1.2e-01	5981	315	>1.3e+01	5.15e-01	2.7e-02	>1.1e-03	-5.06e+00	7.3e-02	>1.1e-02	-1.052e+03	1.5e+01	>2.3e+00	-2.416e+04	3.5e+02	>5.3e+01	4.22	8.8e-02	3.51e+01	7.3e-01	1.74e+00	3.6e-02	1.21e-20	2.5e-22
NaAlSi3O8_T6_nvt_a12.0_hard.outcar.umd.dat	4959	4.03	4.0e-13	9.8e-16	6.38e+01	2.8e+00	1.4e-01	5984	337	>1.6e+01	5.16e-01	2.9e-02	>1.4e-03	-5.10e+00	7.5e-02	5.3e-03	-1.061e+03	1.6e+01	1.1e+00	-2.436e+04	3.6e+02	2.5e+01	4.39	7.7e-02	3.65e+01	6.4e-01	1.81e+00	3.2e-02	1.26e-20	2.2e-22
NaAlSi3O8_T6_nvt_a12.5_hard.outcar.umd.dat	4979	3.57	4.8e-13	1.3e-15	4.00e+01	2.3e+00	8.5e-02	5984	361	>1.7e+01	5.16e-01	3.1e-02	>1.5e-03	-5.21e+00	8.1e-02	>2.0e-02	-1.084e+03	1.7e+01	>4.2e+00	-2.489e+04	3.9e+02	>9.6e+01	5.10	1.6e-01	4.24e+01	1.3e+00	2.10e+00	6.5e-02	1.47e-20	4.6e-22
